reactants,products,reactionString,ruleName,rxn_str,feasibilityScore_rule1,feasibilityLabel_rule1,feasibilityScore_rule2,feasibilityLabel_rule2,feasibilityScore_rule3,feasibilityLabel_rule3,feasibilityScore_rule4,feasibilityLabel_rule4
C[S+](CC[C@H](N)C(=O)O)C[C@H]1O[C@@H](n2cnc3c(N)ncnc32)[C@H](O)[C@@H]1O.Nc1cc(O)cc(O)c1,CNc1cc(O)cc(O)c1.Nc1ncnc2c1ncn2[C@@H]1O[C@H](CSCC[C@H](N)C(=O)O)[C@@H](O)[C@H]1O,C[S+](CC[C@H](N)C(=O)O)C[C@H]1O[C@@H](n2cnc3c(N)ncnc32)[C@H](O)[C@@H]1O.Nc1cc(O)cc(O)c1 >> CNc1cc(O)cc(O)c1.Nc1ncnc2c1ncn2[C@@H]1O[C@H](CSCC[C@H](N)C(=O)O)[C@@H](O)[C@H]1O,rule0034_37,C[S+](CC[C@H](N)C(=O)O)C[C@H]1O[C@@H](n2cnc3c(N)ncnc32)[C@H](O)[C@@H]1O.Nc1cc(O)cc(O)c1>>CNc1cc(O)cc(O)c1.Nc1ncnc2c1ncn2[C@@H]1O[C@H](CSCC[C@H](N)C(=O)O)[C@@H](O)[C@H]1O,0.9954904,1,0.9922734,1,0.43482158,0,0.83404434,1
C=C1C=C(CC)C(=O)O1.C=C1C=C(CC)C(=O)O1,C=C1C=C(C)C(=O)O1.CC=C1C=C(CC)C(=O)O1,C=C1C=C(CC)C(=O)O1.C=C1C=C(CC)C(=O)O1 >> C=C1C=C(C)C(=O)O1.CC=C1C=C(CC)C(=O)O1,rule0126_2,C=C1C=C(CC)C(=O)O1.C=C1C=C(CC)C(=O)O1>>C=C1C=C(C)C(=O)O1.CC=C1C=C(CC)C(=O)O1,0.4770954,0,0.70057434,1,0.020194374,0,0.11835943,0
C=C1C=C(CC)C(=O)O1.O,CCC(=CC(C)=O)C(=O)O,C=C1C=C(CC)C(=O)O1.O >> CCC(=CC(C)=O)C(=O)O,rule0189_1,C=C1C=C(CC)C(=O)O1.O>>CCC(=CC(C)=O)C(=O)O,0.14347059,0,0.0898222,0,0.33949155,0,0.871176,1
C=C1C=C(CC)C(=O)O1.C=C1C=C(CC)C(=O)O1,C=C1C=C(C(C)C)C(=O)O1.C=C1C=C(C)C(=O)O1,C=C1C=C(CC)C(=O)O1.C=C1C=C(CC)C(=O)O1 >> C=C1C=C(C(C)C)C(=O)O1.C=C1C=C(C)C(=O)O1,rule0126_2,C=C1C=C(CC)C(=O)O1.C=C1C=C(CC)C(=O)O1>>C=C1C=C(C(C)C)C(=O)O1.C=C1C=C(C)C(=O)O1,0.85342085,1,0.5740664,1,0.056286894,0,0.13407372,0
C=C1C=C(CC)C(=O)O1.NC(=O)C1=CN([C@@H]2O[C@H](COP(=O)(O)OP(=O)(O)OC[C@H]3O[C@@H](n4cnc5c(N)ncnc54)[C@H](OP(=O)(O)O)[C@@H]3O)[C@@H](O)[C@H]2O)C=CC1.O=O,C=C1C=C(CCO)C(=O)O1.NC(=O)c1ccc[n+]([C@@H]2O[C@H](COP(=O)(O)OP(=O)(O)OC[C@H]3O[C@@H](n4cnc5c(N)ncnc54)[C@H](OP(=O)(O)O)[C@@H]3O)[C@@H](O)[C@H]2O)c1.O,C=C1C=C(CC)C(=O)O1.NC(=O)C1=CN([C@@H]2O[C@H](COP(=O)(O)OP(=O)(O)OC[C@H]3O[C@@H](n4cnc5c(N)ncnc54)[C@H](OP(=O)(O)O)[C@@H]3O)[C@@H](O)[C@H]2O)C=CC1.O=O >> C=C1C=C(CCO)C(=O)O1.NC(=O)c1ccc[n+]([C@@H]2O[C@H](COP(=O)(O)OP(=O)(O)OC[C@H]3O[C@@H](n4cnc5c(N)ncnc54)[C@H](OP(=O)(O)O)[C@@H]3O)[C@@H](O)[C@H]2O)c1.O,rule0004_13,C=C1C=C(CC)C(=O)O1.NC(=O)C1=CN([C@@H]2O[C@H](COP(=O)(O)OP(=O)(O)OC[C@H]3O[C@@H](n4cnc5c(N)ncnc54)[C@H](OP(=O)(O)O)[C@@H]3O)[C@@H](O)[C@H]2O)C=CC1.O=O>>C=C1C=C(CCO)C(=O)O1.NC(=O)c1ccc[n+]([C@@H]2O[C@H](COP(=O)(O)OP(=O)(O)OC[C@H]3O[C@@H](n4cnc5c(N)ncnc54)[C@H](OP(=O)(O)O)[C@@H]3O)[C@@H](O)[C@H]2O)c1.O,0.9151207,1,0.6934996,1,0.764033,1,0.7966913,1
Nc1cc(O)cc(O)c1.O=C=O,Nc1cc(O)cc(O)c1C(=O)O,Nc1cc(O)cc(O)c1.O=C=O >> Nc1cc(O)cc(O)c1C(=O)O,rule0023_09,Nc1cc(O)cc(O)c1.O=C=O>>Nc1cc(O)cc(O)c1C(=O)O,0.00022234024,0,0.00047691987,0,0.0032021317,0,0.00522722,0
C=C1C=C(CC)C(=O)O1.O,C=C1C=C(CCO)C(O)O1,C=C1C=C(CC)C(=O)O1.O >> C=C1C=C(CCO)C(O)O1,rule0070_6,C=C1C=C(CC)C(=O)O1.O>>C=C1C=C(CCO)C(O)O1,0.016924249,0,0.17527755,0,0.0021458708,0,0.12786004,0
Nc1cc(O)cc(O)c1.Nc1ncnc2c1ncn2[C@@H]1O[C@H](COP(=O)(O)OS(=O)(=O)O)[C@@H](OP(=O)(O)O)[C@H]1O,Nc1cc(O)cc(OS(=O)(=O)O)c1.Nc1ncnc2c1ncn2[C@@H]1O[C@H](COP(=O)(O)O)[C@@H](OP(=O)(O)O)[C@H]1O,Nc1cc(O)cc(O)c1.Nc1ncnc2c1ncn2[C@@H]1O[C@H](COP(=O)(O)OS(=O)(=O)O)[C@@H](OP(=O)(O)O)[C@H]1O >> Nc1cc(O)cc(OS(=O)(=O)O)c1.Nc1ncnc2c1ncn2[C@@H]1O[C@H](COP(=O)(O)O)[C@@H](OP(=O)(O)O)[C@H]1O,rule0048_5,Nc1cc(O)cc(O)c1.Nc1ncnc2c1ncn2[C@@H]1O[C@H](COP(=O)(O)OS(=O)(=O)O)[C@@H](OP(=O)(O)O)[C@H]1O>>Nc1cc(O)cc(OS(=O)(=O)O)c1.Nc1ncnc2c1ncn2[C@@H]1O[C@H](COP(=O)(O)O)[C@@H](OP(=O)(O)O)[C@H]1O,0.06171383,0,0.6608972,1,0.3512358,0,0.78851074,1
Nc1cc(O)cc(O)c1.OO,Nc1cc(O)cc(O)c1O.O,Nc1cc(O)cc(O)c1.OO >> Nc1cc(O)cc(O)c1O.O,rule1165_2,Nc1cc(O)cc(O)c1.OO>>Nc1cc(O)cc(O)c1O.O,0.21563691,0,0.29891455,0,0.12493543,0,0.39008152,0
C=C1C=C(CC)C(=O)O1,C=C1OC(=O)C=C1CC,C=C1C=C(CC)C(=O)O1 >> C=C1OC(=O)C=C1CC,rule0028_51,C=C1C=C(CC)C(=O)O1>>C=C1OC(=O)C=C1CC,0.92885035,1,0.3898377,0,0.32837746,0,0.066505015,0
NC(=O)C1=CN([C@@H]2O[C@H](COP(=O)(O)OP(=O)(O)OC[C@H]3O[C@@H](n4cnc5c(N)ncnc54)[C@H](OP(=O)(O)O)[C@@H]3O)[C@@H](O)[C@H]2O)C=CC1.Nc1cc(O)cc(O)c1.O=O,NC(=O)c1ccc[n+]([C@@H]2O[C@H](COP(=O)(O)OP(=O)(O)OC[C@H]3O[C@@H](n4cnc5c(N)ncnc54)[C@H](OP(=O)(O)O)[C@@H]3O)[C@@H](O)[C@H]2O)c1.Nc1cc(O)c(O)c(O)c1.O,NC(=O)C1=CN([C@@H]2O[C@H](COP(=O)(O)OP(=O)(O)OC[C@H]3O[C@@H](n4cnc5c(N)ncnc54)[C@H](OP(=O)(O)O)[C@@H]3O)[C@@H](O)[C@H]2O)C=CC1.Nc1cc(O)cc(O)c1.O=O >> NC(=O)c1ccc[n+]([C@@H]2O[C@H](COP(=O)(O)OP(=O)(O)OC[C@H]3O[C@@H](n4cnc5c(N)ncnc54)[C@H](OP(=O)(O)O)[C@@H]3O)[C@@H](O)[C@H]2O)c1.Nc1cc(O)c(O)c(O)c1.O,rule0004_10,NC(=O)C1=CN([C@@H]2O[C@H](COP(=O)(O)OP(=O)(O)OC[C@H]3O[C@@H](n4cnc5c(N)ncnc54)[C@H](OP(=O)(O)O)[C@@H]3O)[C@@H](O)[C@H]2O)C=CC1.Nc1cc(O)cc(O)c1.O=O>>NC(=O)c1ccc[n+]([C@@H]2O[C@H](COP(=O)(O)OP(=O)(O)OC[C@H]3O[C@@H](n4cnc5c(N)ncnc54)[C@H](OP(=O)(O)O)[C@@H]3O)[C@@H](O)[C@H]2O)c1.Nc1cc(O)c(O)c(O)c1.O,0.90202385,1,0.8783466,1,0.80709225,1,0.31938812,0
NC(=O)C1=CN([C@@H]2O[C@H](COP(=O)(O)OP(=O)(O)OC[C@H]3O[C@@H](n4cnc5c(N)ncnc54)[C@H](OP(=O)(O)O)[C@@H]3O)[C@@H](O)[C@H]2O)C=CC1.Nc1cc(O)cc(O)c1.O=O,NC(=O)c1ccc[n+]([C@@H]2O[C@H](COP(=O)(O)OP(=O)(O)OC[C@H]3O[C@@H](n4cnc5c(N)ncnc54)[C@H](OP(=O)(O)O)[C@@H]3O)[C@@H](O)[C@H]2O)c1.Nc1cc(O)cc(O)c1O.O,NC(=O)C1=CN([C@@H]2O[C@H](COP(=O)(O)OP(=O)(O)OC[C@H]3O[C@@H](n4cnc5c(N)ncnc54)[C@H](OP(=O)(O)O)[C@@H]3O)[C@@H](O)[C@H]2O)C=CC1.Nc1cc(O)cc(O)c1.O=O >> NC(=O)c1ccc[n+]([C@@H]2O[C@H](COP(=O)(O)OP(=O)(O)OC[C@H]3O[C@@H](n4cnc5c(N)ncnc54)[C@H](OP(=O)(O)O)[C@@H]3O)[C@@H](O)[C@H]2O)c1.Nc1cc(O)cc(O)c1O.O,rule0004_10,NC(=O)C1=CN([C@@H]2O[C@H](COP(=O)(O)OP(=O)(O)OC[C@H]3O[C@@H](n4cnc5c(N)ncnc54)[C@H](OP(=O)(O)O)[C@@H]3O)[C@@H](O)[C@H]2O)C=CC1.Nc1cc(O)cc(O)c1.O=O>>NC(=O)c1ccc[n+]([C@@H]2O[C@H](COP(=O)(O)OP(=O)(O)OC[C@H]3O[C@@H](n4cnc5c(N)ncnc54)[C@H](OP(=O)(O)O)[C@@H]3O)[C@@H](O)[C@H]2O)c1.Nc1cc(O)cc(O)c1O.O,0.4993987,0,0.32787278,0,0.698127,1,0.59279436,0
NC(=O)C1=CN([C@@H]2O[C@H](COP(=O)(O)OP(=O)(O)OC[C@H]3O[C@@H](n4cnc5c(N)ncnc54)[C@H](OP(=O)(O)O)[C@@H]3O)[C@@H](O)[C@H]2O)C=CC1.Nc1cc(O)cc(O)c1.O=O,NC(=O)c1ccc[n+]([C@@H]2O[C@H](COP(=O)(O)OP(=O)(O)OC[C@H]3O[C@@H](n4cnc5c(N)ncnc54)[C@H](OP(=O)(O)O)[C@@H]3O)[C@@H](O)[C@H]2O)c1.NC1=CC(O)=CC2(O)OC12.O,NC(=O)C1=CN([C@@H]2O[C@H](COP(=O)(O)OP(=O)(O)OC[C@H]3O[C@@H](n4cnc5c(N)ncnc54)[C@H](OP(=O)(O)O)[C@@H]3O)[C@@H](O)[C@H]2O)C=CC1.Nc1cc(O)cc(O)c1.O=O >> NC(=O)c1ccc[n+]([C@@H]2O[C@H](COP(=O)(O)OP(=O)(O)OC[C@H]3O[C@@H](n4cnc5c(N)ncnc54)[C@H](OP(=O)(O)O)[C@@H]3O)[C@@H](O)[C@H]2O)c1.NC1=CC(O)=CC2(O)OC12.O,rule0951_1,NC(=O)C1=CN([C@@H]2O[C@H](COP(=O)(O)OP(=O)(O)OC[C@H]3O[C@@H](n4cnc5c(N)ncnc54)[C@H](OP(=O)(O)O)[C@@H]3O)[C@@H](O)[C@H]2O)C=CC1.Nc1cc(O)cc(O)c1.O=O>>NC(=O)c1ccc[n+]([C@@H]2O[C@H](COP(=O)(O)OP(=O)(O)OC[C@H]3O[C@@H](n4cnc5c(N)ncnc54)[C@H](OP(=O)(O)O)[C@@H]3O)[C@@H](O)[C@H]2O)c1.NC1=CC(O)=CC2(O)OC12.O,0.0496033,0,0.039454002,0,0.021830512,0,0.021000523,0
NC(=O)c1ccc[n+]([C@@H]2O[C@H](COP(=O)(O)OP(=O)(O)OC[C@H]3O[C@@H](n4cnc5c(N)ncnc54)[C@H](OP(=O)(O)O)[C@@H]3O)[C@@H](O)[C@H]2O)c1.Nc1cc(O)cc(O)c1.O,NC(=O)C1=CN([C@@H]2O[C@H](COP(=O)(O)OP(=O)(O)OC[C@H]3O[C@@H](n4cnc5c(N)ncnc54)[C@H](OP(=O)(O)O)[C@@H]3O)[C@@H](O)[C@H]2O)C=CC1.Nc1cccc(O)c1.O=O,NC(=O)c1ccc[n+]([C@@H]2O[C@H](COP(=O)(O)OP(=O)(O)OC[C@H]3O[C@@H](n4cnc5c(N)ncnc54)[C@H](OP(=O)(O)O)[C@@H]3O)[C@@H](O)[C@H]2O)c1.Nc1cc(O)cc(O)c1.O >> NC(=O)C1=CN([C@@H]2O[C@H](COP(=O)(O)OP(=O)(O)OC[C@H]3O[C@@H](n4cnc5c(N)ncnc54)[C@H](OP(=O)(O)O)[C@@H]3O)[C@@H](O)[C@H]2O)C=CC1.Nc1cccc(O)c1.O=O,rule0005_57,NC(=O)c1ccc[n+]([C@@H]2O[C@H](COP(=O)(O)OP(=O)(O)OC[C@H]3O[C@@H](n4cnc5c(N)ncnc54)[C@H](OP(=O)(O)O)[C@@H]3O)[C@@H](O)[C@H]2O)c1.Nc1cc(O)cc(O)c1.O>>NC(=O)C1=CN([C@@H]2O[C@H](COP(=O)(O)OP(=O)(O)OC[C@H]3O[C@@H](n4cnc5c(N)ncnc54)[C@H](OP(=O)(O)O)[C@@H]3O)[C@@H](O)[C@H]2O)C=CC1.Nc1cccc(O)c1.O=O,0.00025073218,0,9.4188035e-06,0,0.0010691152,0,0.0007215827,0
CC(=O)SCCNC(=O)CCNC(=O)[C@H](O)C(C)(C)COP(=O)(O)OP(=O)(O)OC[C@H]1O[C@@H](n2cnc3c(N)ncnc32)[C@H](O)[C@@H]1OP(=O)(O)O.Nc1cc(O)cc(O)c1,CC(=O)Oc1cc(N)cc(O)c1.CC(C)(COP(=O)(O)OP(=O)(O)OC[C@H]1O[C@@H](n2cnc3c(N)ncnc32)[C@H](O)[C@@H]1OP(=O)(O)O)[C@@H](O)C(=O)NCCC(=O)NCCS,CC(=O)SCCNC(=O)CCNC(=O)[C@H](O)C(C)(C)COP(=O)(O)OP(=O)(O)OC[C@H]1O[C@@H](n2cnc3c(N)ncnc32)[C@H](O)[C@@H]1OP(=O)(O)O.Nc1cc(O)cc(O)c1 >> CC(=O)Oc1cc(N)cc(O)c1.CC(C)(COP(=O)(O)OP(=O)(O)OC[C@H]1O[C@@H](n2cnc3c(N)ncnc32)[C@H](O)[C@@H]1OP(=O)(O)O)[C@@H](O)C(=O)NCCC(=O)NCCS,rule0062_19,CC(=O)SCCNC(=O)CCNC(=O)[C@H](O)C(C)(C)COP(=O)(O)OP(=O)(O)OC[C@H]1O[C@@H](n2cnc3c(N)ncnc32)[C@H](O)[C@@H]1OP(=O)(O)O.Nc1cc(O)cc(O)c1>>CC(=O)Oc1cc(N)cc(O)c1.CC(C)(COP(=O)(O)OP(=O)(O)OC[C@H]1O[C@@H](n2cnc3c(N)ncnc32)[C@H](O)[C@@H]1OP(=O)(O)O)[C@@H](O)C(=O)NCCC(=O)NCCS,0.71766126,1,0.0006388096,0,0.3663685,0,0.81555796,1
Nc1cc(O)cc(O)c1.O=O,NC(C=O)=CC(O)=CC(=O)O,Nc1cc(O)cc(O)c1.O=O >> NC(C=O)=CC(O)=CC(=O)O,rule0052_2,Nc1cc(O)cc(O)c1.O=O>>NC(C=O)=CC(O)=CC(=O)O,0.07282303,0,0.46067575,0,0.0797691,0,0.7223494,1
NC(=O)C1=CN([C@@H]2O[C@H](COP(=O)(O)OP(=O)(O)OC[C@H]3O[C@@H](n4cnc5c(N)ncnc54)[C@H](OP(=O)(O)O)[C@@H]3O)[C@@H](O)[C@H]2O)C=CC1.Nc1cc(O)cc(O)c1.O=O,NC(=O)c1ccc[n+]([C@@H]2O[C@H](COP(=O)(O)OP(=O)(O)OC[C@H]3O[C@@H](n4cnc5c(N)ncnc54)[C@H](OP(=O)(O)O)[C@@H]3O)[C@@H](O)[C@H]2O)c1.NC1=CC(O)(O)C(O)C(O)=C1,NC(=O)C1=CN([C@@H]2O[C@H](COP(=O)(O)OP(=O)(O)OC[C@H]3O[C@@H](n4cnc5c(N)ncnc54)[C@H](OP(=O)(O)O)[C@@H]3O)[C@@H](O)[C@H]2O)C=CC1.Nc1cc(O)cc(O)c1.O=O >> NC(=O)c1ccc[n+]([C@@H]2O[C@H](COP(=O)(O)OP(=O)(O)OC[C@H]3O[C@@H](n4cnc5c(N)ncnc54)[C@H](OP(=O)(O)O)[C@@H]3O)[C@@H](O)[C@H]2O)c1.NC1=CC(O)(O)C(O)C(O)=C1,rule0094_1,NC(=O)C1=CN([C@@H]2O[C@H](COP(=O)(O)OP(=O)(O)OC[C@H]3O[C@@H](n4cnc5c(N)ncnc54)[C@H](OP(=O)(O)O)[C@@H]3O)[C@@H](O)[C@H]2O)C=CC1.Nc1cc(O)cc(O)c1.O=O>>NC(=O)c1ccc[n+]([C@@H]2O[C@H](COP(=O)(O)OP(=O)(O)OC[C@H]3O[C@@H](n4cnc5c(N)ncnc54)[C@H](OP(=O)(O)O)[C@@H]3O)[C@@H](O)[C@H]2O)c1.NC1=CC(O)(O)C(O)C(O)=C1,0.002441045,0,0.009904449,0,0.028006786,0,0.012581904,0
C=C1C=C(CC)C(=O)O1.C=C1C=C(CC)C(=O)O1,C=C1C=C(C=C2C=C(CC)C(=O)O2)C(=O)O1.CC,C=C1C=C(CC)C(=O)O1.C=C1C=C(CC)C(=O)O1 >> C=C1C=C(C=C2C=C(CC)C(=O)O2)C(=O)O1.CC,rule0126_2,C=C1C=C(CC)C(=O)O1.C=C1C=C(CC)C(=O)O1>>C=C1C=C(C=C2C=C(CC)C(=O)O2)C(=O)O1.CC,0.4058131,0,0.52916557,0,0.04245888,0,0.12048031,0
C=C1C=C(CC)C(=O)O1,C=C1OC(=O)C(C)=C1C,C=C1C=C(CC)C(=O)O1 >> C=C1OC(=O)C(C)=C1C,rule0028_51,C=C1C=C(CC)C(=O)O1>>C=C1OC(=O)C(C)=C1C,0.9591059,1,0.8770743,1,0.69712293,1,0.6664239,1
NC(=O)c1ccc[n+]([C@@H]2O[C@H](COP(=O)(O)OP(=O)(O)OC[C@H]3O[C@@H](n4cnc5c(N)ncnc54)[C@H](OP(=O)(O)O)[C@@H]3O)[C@@H](O)[C@H]2O)c1.Nc1cc(O)cc(O)c1.O.O=C=O,NC(=O)C1=CN([C@@H]2O[C@H](COP(=O)(O)OP(=O)(O)OC[C@H]3O[C@@H](n4cnc5c(N)ncnc54)[C@H](OP(=O)(O)O)[C@@H]3O)[C@@H](O)[C@H]2O)C=CC1.Nc1cc(O)cc(C(=O)O)c1.O=O,NC(=O)c1ccc[n+]([C@@H]2O[C@H](COP(=O)(O)OP(=O)(O)OC[C@H]3O[C@@H](n4cnc5c(N)ncnc54)[C@H](OP(=O)(O)O)[C@@H]3O)[C@@H](O)[C@H]2O)c1.Nc1cc(O)cc(O)c1.O.O=C=O >> NC(=O)C1=CN([C@@H]2O[C@H](COP(=O)(O)OP(=O)(O)OC[C@H]3O[C@@H](n4cnc5c(N)ncnc54)[C@H](OP(=O)(O)O)[C@@H]3O)[C@@H](O)[C@H]2O)C=CC1.Nc1cc(O)cc(C(=O)O)c1.O=O,rule0187_1,NC(=O)c1ccc[n+]([C@@H]2O[C@H](COP(=O)(O)OP(=O)(O)OC[C@H]3O[C@@H](n4cnc5c(N)ncnc54)[C@H](OP(=O)(O)O)[C@@H]3O)[C@@H](O)[C@H]2O)c1.Nc1cc(O)cc(O)c1.O.O=C=O>>NC(=O)C1=CN([C@@H]2O[C@H](COP(=O)(O)OP(=O)(O)OC[C@H]3O[C@@H](n4cnc5c(N)ncnc54)[C@H](OP(=O)(O)O)[C@@H]3O)[C@@H](O)[C@H]2O)C=CC1.Nc1cc(O)cc(C(=O)O)c1.O=O,0.00019831011,0,0.00051645684,0,0.0016788921,0,3.450973e-05,0
C=C1C=C(CC)C(=O)O1.C=C1C=C(CC)C(=O)O1,C=C1C=C(C)C(=O)O1.C=C1OC(=O)C(CC)=C1C,C=C1C=C(CC)C(=O)O1.C=C1C=C(CC)C(=O)O1 >> C=C1C=C(C)C(=O)O1.C=C1OC(=O)C(CC)=C1C,rule0126_2,C=C1C=C(CC)C(=O)O1.C=C1C=C(CC)C(=O)O1>>C=C1C=C(C)C(=O)O1.C=C1OC(=O)C(CC)=C1C,0.81877893,1,0.6410635,1,0.047939144,0,0.27971607,0
Nc1cc(O)cc(O)c1.Nc1cc(O)cc(O)c1,Nc1cc(O)cc(Nc2cc(O)cc(O)c2)c1.O,Nc1cc(O)cc(O)c1.Nc1cc(O)cc(O)c1 >> Nc1cc(O)cc(Nc2cc(O)cc(O)c2)c1.O,rule0012_253,Nc1cc(O)cc(O)c1.Nc1cc(O)cc(O)c1>>Nc1cc(O)cc(Nc2cc(O)cc(O)c2)c1.O,0.025559293,0,0.034205433,0,0.17082356,0,0.98635906,1
Nc1cc(O)cc(O)c1.O=S(=O)(O)O,Nc1cc(O)cc(OS(=O)(=O)O)c1.O,Nc1cc(O)cc(O)c1.O=S(=O)(O)O >> Nc1cc(O)cc(OS(=O)(=O)O)c1.O,rule0127_2,Nc1cc(O)cc(O)c1.O=S(=O)(O)O>>Nc1cc(O)cc(OS(=O)(=O)O)c1.O,0.16610743,0,0.16162826,0,0.09374122,0,0.5489764,0
CC(C)=CCOP(=O)(O)OP(=O)(O)O.Nc1cc(O)cc(O)c1,CC(C)=CCOc1cc(N)cc(O)c1.O=P(O)(O)OP(=O)(O)O,CC(C)=CCOP(=O)(O)OP(=O)(O)O.Nc1cc(O)cc(O)c1 >> CC(C)=CCOc1cc(N)cc(O)c1.O=P(O)(O)OP(=O)(O)O,rule0517_2,CC(C)=CCOP(=O)(O)OP(=O)(O)O.Nc1cc(O)cc(O)c1>>CC(C)=CCOc1cc(N)cc(O)c1.O=P(O)(O)OP(=O)(O)O,0.54116994,0,0.030918378,0,0.16569729,0,0.6174434,0
Nc1cc(O)cc(O)c1.OO,Nc1cc(O)c(O)c(O)c1.O,Nc1cc(O)cc(O)c1.OO >> Nc1cc(O)c(O)c(O)c1.O,rule1165_2,Nc1cc(O)cc(O)c1.OO>>Nc1cc(O)c(O)c(O)c1.O,0.2532274,0,0.7406446,1,0.20765887,0,0.57125854,0
Nc1cc(O)cc(O)c1.O=C=O,Nc1cc(O)c(C(=O)O)c(O)c1,Nc1cc(O)cc(O)c1.O=C=O >> Nc1cc(O)c(C(=O)O)c(O)c1,rule0023_09,Nc1cc(O)cc(O)c1.O=C=O>>Nc1cc(O)c(C(=O)O)c(O)c1,0.0012827397,0,0.0030867837,0,0.0065104566,0,0.0078029647,0
Nc1cc(O)cc(O)c1.O=O,NC(=CC(=O)O)C=C(O)C=O,Nc1cc(O)cc(O)c1.O=O >> NC(=CC(=O)O)C=C(O)C=O,rule0052_1,Nc1cc(O)cc(O)c1.O=O>>NC(=CC(=O)O)C=C(O)C=O,0.30743313,0,0.33293027,0,0.21698248,0,0.3135331,0
CC(C)=CCOP(=O)(O)OP(=O)(O)O.Nc1cc(O)cc(O)c1,CC(C)=CCc1c(O)cc(N)cc1O.O=P(O)(O)OP(=O)(O)O,CC(C)=CCOP(=O)(O)OP(=O)(O)O.Nc1cc(O)cc(O)c1 >> CC(C)=CCc1c(O)cc(N)cc1O.O=P(O)(O)OP(=O)(O)O,rule0110_5,CC(C)=CCOP(=O)(O)OP(=O)(O)O.Nc1cc(O)cc(O)c1>>CC(C)=CCc1c(O)cc(N)cc1O.O=P(O)(O)OP(=O)(O)O,0.93683636,1,0.40536723,0,0.4590287,0,0.7277428,1
CC(C)=CCOP(=O)(O)OP(=O)(O)O.Nc1cc(O)cc(O)c1,CC(C)=CCc1c(N)cc(O)cc1O.O=P(O)(O)OP(=O)(O)O,CC(C)=CCOP(=O)(O)OP(=O)(O)O.Nc1cc(O)cc(O)c1 >> CC(C)=CCc1c(N)cc(O)cc1O.O=P(O)(O)OP(=O)(O)O,rule0110_5,CC(C)=CCOP(=O)(O)OP(=O)(O)O.Nc1cc(O)cc(O)c1>>CC(C)=CCc1c(N)cc(O)cc1O.O=P(O)(O)OP(=O)(O)O,0.30609223,0,0.010384624,0,0.1930317,0,0.5820369,0
Nc1cc(O)cc(O)c1.O=P(O)(O)O,Nc1cc(O)cc(OP(=O)(O)O)c1.O,Nc1cc(O)cc(O)c1.O=P(O)(O)O >> Nc1cc(O)cc(OP(=O)(O)O)c1.O,rule0017_33,Nc1cc(O)cc(O)c1.O=P(O)(O)O>>Nc1cc(O)cc(OP(=O)(O)O)c1.O,0.08219216,0,0.12302168,0,0.081551924,0,0.31718102,0
CC(=O)SCCNC(=O)CCNC(=O)[C@H](O)C(C)(C)COP(=O)(O)OP(=O)(O)OC[C@H]1O[C@@H](n2cnc3c(N)ncnc32)[C@H](O)[C@@H]1OP(=O)(O)O.Nc1cc(O)cc(O)c1,CC(=O)Nc1cc(O)cc(O)c1.CC(C)(COP(=O)(O)OP(=O)(O)OC[C@H]1O[C@@H](n2cnc3c(N)ncnc32)[C@H](O)[C@@H]1OP(=O)(O)O)[C@@H](O)C(=O)NCCC(=O)NCCS,CC(=O)SCCNC(=O)CCNC(=O)[C@H](O)C(C)(C)COP(=O)(O)OP(=O)(O)OC[C@H]1O[C@@H](n2cnc3c(N)ncnc32)[C@H](O)[C@@H]1OP(=O)(O)O.Nc1cc(O)cc(O)c1 >> CC(=O)Nc1cc(O)cc(O)c1.CC(C)(COP(=O)(O)OP(=O)(O)OC[C@H]1O[C@@H](n2cnc3c(N)ncnc32)[C@H](O)[C@@H]1OP(=O)(O)O)[C@@H](O)C(=O)NCCC(=O)NCCS,rule0042_06,CC(=O)SCCNC(=O)CCNC(=O)[C@H](O)C(C)(C)COP(=O)(O)OP(=O)(O)OC[C@H]1O[C@@H](n2cnc3c(N)ncnc32)[C@H](O)[C@@H]1OP(=O)(O)O.Nc1cc(O)cc(O)c1>>CC(=O)Nc1cc(O)cc(O)c1.CC(C)(COP(=O)(O)OP(=O)(O)OC[C@H]1O[C@@H](n2cnc3c(N)ncnc32)[C@H](O)[C@@H]1OP(=O)(O)O)[C@@H](O)C(=O)NCCC(=O)NCCS,0.99194443,1,0.79237765,1,0.98962885,1,0.98714685,1
NC(=O)C1=CN([C@@H]2O[C@H](COP(=O)(O)OP(=O)(O)OC[C@H]3O[C@@H](n4cnc5c(N)ncnc54)[C@H](OP(=O)(O)O)[C@@H]3O)[C@@H](O)[C@H]2O)C=CC1.Nc1cc(O)cc(O)c1.O=O,NC(=O)c1ccc[n+]([C@@H]2O[C@H](COP(=O)(O)OP(=O)(O)OC[C@H]3O[C@@H](n4cnc5c(N)ncnc54)[C@H](OP(=O)(O)O)[C@@H]3O)[C@@H](O)[C@H]2O)c1.NC1=CC2(O)OC2C(O)=C1.O,NC(=O)C1=CN([C@@H]2O[C@H](COP(=O)(O)OP(=O)(O)OC[C@H]3O[C@@H](n4cnc5c(N)ncnc54)[C@H](OP(=O)(O)O)[C@@H]3O)[C@@H](O)[C@H]2O)C=CC1.Nc1cc(O)cc(O)c1.O=O >> NC(=O)c1ccc[n+]([C@@H]2O[C@H](COP(=O)(O)OP(=O)(O)OC[C@H]3O[C@@H](n4cnc5c(N)ncnc54)[C@H](OP(=O)(O)O)[C@@H]3O)[C@@H](O)[C@H]2O)c1.NC1=CC2(O)OC2C(O)=C1.O,rule0951_1,NC(=O)C1=CN([C@@H]2O[C@H](COP(=O)(O)OP(=O)(O)OC[C@H]3O[C@@H](n4cnc5c(N)ncnc54)[C@H](OP(=O)(O)O)[C@@H]3O)[C@@H](O)[C@H]2O)C=CC1.Nc1cc(O)cc(O)c1.O=O>>NC(=O)c1ccc[n+]([C@@H]2O[C@H](COP(=O)(O)OP(=O)(O)OC[C@H]3O[C@@H](n4cnc5c(N)ncnc54)[C@H](OP(=O)(O)O)[C@@H]3O)[C@@H](O)[C@H]2O)c1.NC1=CC2(O)OC2C(O)=C1.O,0.0038928417,0,0.025526399,0,0.0021598407,0,0.0022223927,0
C=C1C=C(CC)C(=O)O1.O,C=C1C=C(C(C)O)C(O)O1,C=C1C=C(CC)C(=O)O1.O >> C=C1C=C(C(C)O)C(O)O1,rule0070_6,C=C1C=C(CC)C(=O)O1.O>>C=C1C=C(C(C)O)C(O)O1,0.53004694,0,0.04229029,0,0.011118322,0,0.13441359,0
C=C1C=C(CC)C(=O)O1,CCC=C1C=CC(=O)O1,C=C1C=C(CC)C(=O)O1 >> CCC=C1C=CC(=O)O1,rule0028_51,C=C1C=C(CC)C(=O)O1>>CCC=C1C=CC(=O)O1,0.8147499,1,0.5305463,0,0.6041401,1,0.11669951,0
C=C1C=C(CC)C(=O)O1.O=C=O,C=C1C=C(C(C)C(=O)O)C(=O)O1,C=C1C=C(CC)C(=O)O1.O=C=O >> C=C1C=C(C(C)C(=O)O)C(=O)O1,rule0023_20,C=C1C=C(CC)C(=O)O1.O=C=O>>C=C1C=C(C(C)C(=O)O)C(=O)O1,0.01186784,0,0.0045726337,0,0.0012405744,0,0.025745686,0
C=C1C=C(CC)C(=O)O1.NC(=O)C1=CN([C@@H]2O[C@H](COP(=O)(O)OP(=O)(O)OC[C@H]3O[C@@H](n4cnc5c(N)ncnc54)[C@H](OP(=O)(O)O)[C@@H]3O)[C@@H](O)[C@H]2O)C=CC1.O=O,C=C1C=C(C(C)O)C(=O)O1.NC(=O)c1ccc[n+]([C@@H]2O[C@H](COP(=O)(O)OP(=O)(O)OC[C@H]3O[C@@H](n4cnc5c(N)ncnc54)[C@H](OP(=O)(O)O)[C@@H]3O)[C@@H](O)[C@H]2O)c1.O,C=C1C=C(CC)C(=O)O1.NC(=O)C1=CN([C@@H]2O[C@H](COP(=O)(O)OP(=O)(O)OC[C@H]3O[C@@H](n4cnc5c(N)ncnc54)[C@H](OP(=O)(O)O)[C@@H]3O)[C@@H](O)[C@H]2O)C=CC1.O=O >> C=C1C=C(C(C)O)C(=O)O1.NC(=O)c1ccc[n+]([C@@H]2O[C@H](COP(=O)(O)OP(=O)(O)OC[C@H]3O[C@@H](n4cnc5c(N)ncnc54)[C@H](OP(=O)(O)O)[C@@H]3O)[C@@H](O)[C@H]2O)c1.O,rule0004_13,C=C1C=C(CC)C(=O)O1.NC(=O)C1=CN([C@@H]2O[C@H](COP(=O)(O)OP(=O)(O)OC[C@H]3O[C@@H](n4cnc5c(N)ncnc54)[C@H](OP(=O)(O)O)[C@@H]3O)[C@@H](O)[C@H]2O)C=CC1.O=O>>C=C1C=C(C(C)O)C(=O)O1.NC(=O)c1ccc[n+]([C@@H]2O[C@H](COP(=O)(O)OP(=O)(O)OC[C@H]3O[C@@H](n4cnc5c(N)ncnc54)[C@H](OP(=O)(O)O)[C@@H]3O)[C@@H](O)[C@H]2O)c1.O,0.7949235,1,0.3626887,0,0.471075,0,0.78015417,1
C=C1C=C(CC)C(=O)O1.C[S+](CC[C@H](N)C(=O)O)C[C@H]1O[C@@H](n2cnc3c(N)ncnc32)[C@H](O)[C@@H]1O,C=C1C=C(C(C)C)C(=O)O1.Nc1ncnc2c1ncn2[C@@H]1O[C@H](CSCC[C@H](N)C(=O)O)[C@@H](O)[C@H]1O,C=C1C=C(CC)C(=O)O1.C[S+](CC[C@H](N)C(=O)O)C[C@H]1O[C@@H](n2cnc3c(N)ncnc32)[C@H](O)[C@@H]1O >> C=C1C=C(C(C)C)C(=O)O1.Nc1ncnc2c1ncn2[C@@H]1O[C@H](CSCC[C@H](N)C(=O)O)[C@@H](O)[C@H]1O,rule0043_12,C=C1C=C(CC)C(=O)O1.C[S+](CC[C@H](N)C(=O)O)C[C@H]1O[C@@H](n2cnc3c(N)ncnc32)[C@H](O)[C@@H]1O>>C=C1C=C(C(C)C)C(=O)O1.Nc1ncnc2c1ncn2[C@@H]1O[C@H](CSCC[C@H](N)C(=O)O)[C@@H](O)[C@H]1O,0.99853325,1,0.98685026,1,0.24795596,0,0.05327038,0
C[S+](CC[C@H](N)C(=O)O)C[C@H]1O[C@@H](n2cnc3c(N)ncnc32)[C@H](O)[C@@H]1O.Nc1cc(O)cc(O)c1,COc1cc(N)cc(O)c1.Nc1ncnc2c1ncn2[C@@H]1O[C@H](CSCC[C@H](N)C(=O)O)[C@@H](O)[C@H]1O,C[S+](CC[C@H](N)C(=O)O)C[C@H]1O[C@@H](n2cnc3c(N)ncnc32)[C@H](O)[C@@H]1O.Nc1cc(O)cc(O)c1 >> COc1cc(N)cc(O)c1.Nc1ncnc2c1ncn2[C@@H]1O[C@H](CSCC[C@H](N)C(=O)O)[C@@H](O)[C@H]1O,rule0011_45,C[S+](CC[C@H](N)C(=O)O)C[C@H]1O[C@@H](n2cnc3c(N)ncnc32)[C@H](O)[C@@H]1O.Nc1cc(O)cc(O)c1>>COc1cc(N)cc(O)c1.Nc1ncnc2c1ncn2[C@@H]1O[C@H](CSCC[C@H](N)C(=O)O)[C@@H](O)[C@H]1O,0.9862112,1,0.9616828,1,0.24027705,0,0.68180645,1
Nc1cc(O)cc(O)c1.Nc1ncnc2c1ncn2[C@@H]1O[C@H](COP(=O)(O)OS(=O)(=O)O)[C@@H](OP(=O)(O)O)[C@H]1O,Nc1ncnc2c1ncn2[C@@H]1O[C@H](COP(=O)(O)O)[C@@H](OP(=O)(O)O)[C@H]1O.O=S(=O)(O)Nc1cc(O)cc(O)c1,Nc1cc(O)cc(O)c1.Nc1ncnc2c1ncn2[C@@H]1O[C@H](COP(=O)(O)OS(=O)(=O)O)[C@@H](OP(=O)(O)O)[C@H]1O >> Nc1ncnc2c1ncn2[C@@H]1O[C@H](COP(=O)(O)O)[C@@H](OP(=O)(O)O)[C@H]1O.O=S(=O)(O)Nc1cc(O)cc(O)c1,rule1071_1,Nc1cc(O)cc(O)c1.Nc1ncnc2c1ncn2[C@@H]1O[C@H](COP(=O)(O)OS(=O)(=O)O)[C@@H](OP(=O)(O)O)[C@H]1O>>Nc1ncnc2c1ncn2[C@@H]1O[C@H](COP(=O)(O)O)[C@@H](OP(=O)(O)O)[C@H]1O.O=S(=O)(O)Nc1cc(O)cc(O)c1,0.15403153,0,0.9403583,1,0.79447913,1,0.9480256,1
C=C1C=C(CC)C(=O)O1.C=C1C=C(CC)C(=O)O1,C=C1C=C(CCC2=CC(=C)OC2=O)C(=O)O1.CC,C=C1C=C(CC)C(=O)O1.C=C1C=C(CC)C(=O)O1 >> C=C1C=C(CCC2=CC(=C)OC2=O)C(=O)O1.CC,rule0126_2,C=C1C=C(CC)C(=O)O1.C=C1C=C(CC)C(=O)O1>>C=C1C=C(CCC2=CC(=C)OC2=O)C(=O)O1.CC,0.6077361,1,0.45092684,0,0.047185455,0,0.40896505,0
C=C1C=C(CC)C(=O)O1.C=C1C=C(CC)C(=O)O1,C=C1C=C(C2=C(CC)C(=O)OC2=C)C(=O)O1.CC,C=C1C=C(CC)C(=O)O1.C=C1C=C(CC)C(=O)O1 >> C=C1C=C(C2=C(CC)C(=O)OC2=C)C(=O)O1.CC,rule0126_2,C=C1C=C(CC)C(=O)O1.C=C1C=C(CC)C(=O)O1>>C=C1C=C(C2=C(CC)C(=O)OC2=C)C(=O)O1.CC,0.34156325,0,0.32582617,0,0.005690864,0,0.028558278,0
Nc1cc(O)cc(O)c1.O=O,NC(=O)C=C(O)C=C(O)C=O,Nc1cc(O)cc(O)c1.O=O >> NC(=O)C=C(O)C=C(O)C=O,rule0052_1,Nc1cc(O)cc(O)c1.O=O>>NC(=O)C=C(O)C=C(O)C=O,0.057287008,0,0.24748634,0,0.07504718,0,0.21776411,0
NC(=O)C1=CN([C@@H]2O[C@H](COP(=O)(O)OP(=O)(O)OC[C@H]3O[C@@H](n4cnc5c(N)ncnc54)[C@H](OP(=O)(O)O)[C@@H]3O)[C@@H](O)[C@H]2O)C=CC1.Nc1cc(O)cc(O)c1.O=O,NC(=O)c1ccc[n+]([C@@H]2O[C@H](COP(=O)(O)OP(=O)(O)OC[C@H]3O[C@@H](n4cnc5c(N)ncnc54)[C@H](OP(=O)(O)O)[C@@H]3O)[C@@H](O)[C@H]2O)c1.NC1(O)C=C(O)C=C(O)C1O,NC(=O)C1=CN([C@@H]2O[C@H](COP(=O)(O)OP(=O)(O)OC[C@H]3O[C@@H](n4cnc5c(N)ncnc54)[C@H](OP(=O)(O)O)[C@@H]3O)[C@@H](O)[C@H]2O)C=CC1.Nc1cc(O)cc(O)c1.O=O >> NC(=O)c1ccc[n+]([C@@H]2O[C@H](COP(=O)(O)OP(=O)(O)OC[C@H]3O[C@@H](n4cnc5c(N)ncnc54)[C@H](OP(=O)(O)O)[C@@H]3O)[C@@H](O)[C@H]2O)c1.NC1(O)C=C(O)C=C(O)C1O,rule0094_1,NC(=O)C1=CN([C@@H]2O[C@H](COP(=O)(O)OP(=O)(O)OC[C@H]3O[C@@H](n4cnc5c(N)ncnc54)[C@H](OP(=O)(O)O)[C@@H]3O)[C@@H](O)[C@H]2O)C=CC1.Nc1cc(O)cc(O)c1.O=O>>NC(=O)c1ccc[n+]([C@@H]2O[C@H](COP(=O)(O)OP(=O)(O)OC[C@H]3O[C@@H](n4cnc5c(N)ncnc54)[C@H](OP(=O)(O)O)[C@@H]3O)[C@@H](O)[C@H]2O)c1.NC1(O)C=C(O)C=C(O)C1O,0.015657049,0,0.05372926,0,0.17714794,0,0.8006585,1
C=C1C=C(CC)C(=O)O1.O=C=O,C=C1C=C(CCC(=O)O)C(=O)O1,C=C1C=C(CC)C(=O)O1.O=C=O >> C=C1C=C(CCC(=O)O)C(=O)O1,rule0023_20,C=C1C=C(CC)C(=O)O1.O=C=O>>C=C1C=C(CCC(=O)O)C(=O)O1,0.001860822,0,0.013154767,0,0.0046904744,0,0.044788677,0
C=C1C=C(CC)C(=O)O1.C[S+](CC[C@H](N)C(=O)O)C[C@H]1O[C@@H](n2cnc3c(N)ncnc32)[C@H](O)[C@@H]1O,C=C1C=C(CCC)C(=O)O1.Nc1ncnc2c1ncn2[C@@H]1O[C@H](CSCC[C@H](N)C(=O)O)[C@@H](O)[C@H]1O,C=C1C=C(CC)C(=O)O1.C[S+](CC[C@H](N)C(=O)O)C[C@H]1O[C@@H](n2cnc3c(N)ncnc32)[C@H](O)[C@@H]1O >> C=C1C=C(CCC)C(=O)O1.Nc1ncnc2c1ncn2[C@@H]1O[C@H](CSCC[C@H](N)C(=O)O)[C@@H](O)[C@H]1O,rule0043_12,C=C1C=C(CC)C(=O)O1.C[S+](CC[C@H](N)C(=O)O)C[C@H]1O[C@@H](n2cnc3c(N)ncnc32)[C@H](O)[C@@H]1O>>C=C1C=C(CCC)C(=O)O1.Nc1ncnc2c1ncn2[C@@H]1O[C@H](CSCC[C@H](N)C(=O)O)[C@@H](O)[C@H]1O,0.99658054,1,0.9914532,1,0.1884005,0,0.5968207,0
Nc1cc(O)cc(O)c1.Nc1ncnc2c1ncn2[C@@H]1O[C@H](COP(=O)(O)OP(=O)(O)OP(=O)(O)O)[C@@H](O)[C@H]1O,Nc1cc(O)cc(OP(=O)(O)O)c1.Nc1ncnc2c1ncn2[C@@H]1O[C@H](COP(=O)(O)OP(=O)(O)O)[C@@H](O)[C@H]1O,Nc1cc(O)cc(O)c1.Nc1ncnc2c1ncn2[C@@H]1O[C@H](COP(=O)(O)OP(=O)(O)OP(=O)(O)O)[C@@H](O)[C@H]1O >> Nc1cc(O)cc(OP(=O)(O)O)c1.Nc1ncnc2c1ncn2[C@@H]1O[C@H](COP(=O)(O)OP(=O)(O)O)[C@@H](O)[C@H]1O,rule0015_34,Nc1cc(O)cc(O)c1.Nc1ncnc2c1ncn2[C@@H]1O[C@H](COP(=O)(O)OP(=O)(O)OP(=O)(O)O)[C@@H](O)[C@H]1O>>Nc1cc(O)cc(OP(=O)(O)O)c1.Nc1ncnc2c1ncn2[C@@H]1O[C@H](COP(=O)(O)OP(=O)(O)O)[C@@H](O)[C@H]1O,0.17134313,0,0.18133152,0,0.4354368,0,0.62358564,0
NC(=O)C1=CN([C@@H]2O[C@H](COP(=O)(O)OP(=O)(O)OC[C@H]3O[C@@H](n4cnc5c(N)ncnc54)[C@H](OP(=O)(O)O)[C@@H]3O)[C@@H](O)[C@H]2O)C=CC1.Nc1cc(O)cc(O)c1.O=O,NC(=O)c1ccc[n+]([C@@H]2O[C@H](COP(=O)(O)OP(=O)(O)OC[C@H]3O[C@@H](n4cnc5c(N)ncnc54)[C@H](OP(=O)(O)O)[C@@H]3O)[C@@H](O)[C@H]2O)c1.NC12C=C(O)C=C(O)C1O2.O,NC(=O)C1=CN([C@@H]2O[C@H](COP(=O)(O)OP(=O)(O)OC[C@H]3O[C@@H](n4cnc5c(N)ncnc54)[C@H](OP(=O)(O)O)[C@@H]3O)[C@@H](O)[C@H]2O)C=CC1.Nc1cc(O)cc(O)c1.O=O >> NC(=O)c1ccc[n+]([C@@H]2O[C@H](COP(=O)(O)OP(=O)(O)OC[C@H]3O[C@@H](n4cnc5c(N)ncnc54)[C@H](OP(=O)(O)O)[C@@H]3O)[C@@H](O)[C@H]2O)c1.NC12C=C(O)C=C(O)C1O2.O,rule0951_1,NC(=O)C1=CN([C@@H]2O[C@H](COP(=O)(O)OP(=O)(O)OC[C@H]3O[C@@H](n4cnc5c(N)ncnc54)[C@H](OP(=O)(O)O)[C@@H]3O)[C@@H](O)[C@H]2O)C=CC1.Nc1cc(O)cc(O)c1.O=O>>NC(=O)c1ccc[n+]([C@@H]2O[C@H](COP(=O)(O)OP(=O)(O)OC[C@H]3O[C@@H](n4cnc5c(N)ncnc54)[C@H](OP(=O)(O)O)[C@@H]3O)[C@@H](O)[C@H]2O)c1.NC12C=C(O)C=C(O)C1O2.O,0.022758344,0,0.082204856,0,0.06669512,0,0.41355982,0
NC(=O)C1=CN([C@@H]2O[C@H](COP(=O)(O)OP(=O)(O)OC[C@H]3O[C@@H](n4cnc5c(N)ncnc54)[C@H](OP(=O)(O)O)[C@@H]3O)[C@@H](O)[C@H]2O)C=CC1.Nc1cc(O)cc(O)c1.O=O,NC(=O)c1ccc[n+]([C@@H]2O[C@H](COP(=O)(O)OP(=O)(O)OC[C@H]3O[C@@H](n4cnc5c(N)ncnc54)[C@H](OP(=O)(O)O)[C@@H]3O)[C@@H](O)[C@H]2O)c1.NC1=CC(O)=CC(O)(O)C1O,NC(=O)C1=CN([C@@H]2O[C@H](COP(=O)(O)OP(=O)(O)OC[C@H]3O[C@@H](n4cnc5c(N)ncnc54)[C@H](OP(=O)(O)O)[C@@H]3O)[C@@H](O)[C@H]2O)C=CC1.Nc1cc(O)cc(O)c1.O=O >> NC(=O)c1ccc[n+]([C@@H]2O[C@H](COP(=O)(O)OP(=O)(O)OC[C@H]3O[C@@H](n4cnc5c(N)ncnc54)[C@H](OP(=O)(O)O)[C@@H]3O)[C@@H](O)[C@H]2O)c1.NC1=CC(O)=CC(O)(O)C1O,rule0094_1,NC(=O)C1=CN([C@@H]2O[C@H](COP(=O)(O)OP(=O)(O)OC[C@H]3O[C@@H](n4cnc5c(N)ncnc54)[C@H](OP(=O)(O)O)[C@@H]3O)[C@@H](O)[C@H]2O)C=CC1.Nc1cc(O)cc(O)c1.O=O>>NC(=O)c1ccc[n+]([C@@H]2O[C@H](COP(=O)(O)OP(=O)(O)OC[C@H]3O[C@@H](n4cnc5c(N)ncnc54)[C@H](OP(=O)(O)O)[C@@H]3O)[C@@H](O)[C@H]2O)c1.NC1=CC(O)=CC(O)(O)C1O,0.029645013,0,0.0520598,0,0.11612497,0,0.12110016,0
CCC1=CC(=Cc2cc(N)cc(O)c2)OC1=O.O,C=C1C=C(CC)C(=O)O1.Nc1cc(O)cc(O)c1,CCC1=CC(=Cc2cc(N)cc(O)c2)OC1=O.O >> C=C1C=C(CC)C(=O)O1.Nc1cc(O)cc(O)c1,rule0085_1,CCC1=CC(=Cc2cc(N)cc(O)c2)OC1=O.O>>C=C1C=C(CC)C(=O)O1.Nc1cc(O)cc(O)c1,0.95789593,1,0.8607571,1,0.5350176,0,0.81082356,1
C=C1C=C(CC)C(=O)O1.C=C1C=C(CC)C(=O)O1,C=C1C=C(C(C)C2=CC(=C)OC2=O)C(=O)O1.CC,C=C1C=C(CC)C(=O)O1.C=C1C=C(CC)C(=O)O1 >> C=C1C=C(C(C)C2=CC(=C)OC2=O)C(=O)O1.CC,rule0126_2,C=C1C=C(CC)C(=O)O1.C=C1C=C(CC)C(=O)O1>>C=C1C=C(C(C)C2=CC(=C)OC2=O)C(=O)O1.CC,0.6199459,1,0.3100169,0,0.034480106,0,0.09129561,0
C=C1C=C(CC)C(=O)O1,CC=C1C=C(C)C(=O)O1,C=C1C=C(CC)C(=O)O1 >> CC=C1C=C(C)C(=O)O1,rule0028_51,C=C1C=C(CC)C(=O)O1>>CC=C1C=C(C)C(=O)O1,0.8888486,1,0.8948127,1,0.73442936,1,0.24158883,0
C=C1C=C(CC)C(=O)O1.C=C1C=C(CC)C(=O)O1,C=C1C=C(C)C(=O)O1.C=C1C=C(CCC)C(=O)O1,C=C1C=C(CC)C(=O)O1.C=C1C=C(CC)C(=O)O1 >> C=C1C=C(C)C(=O)O1.C=C1C=C(CCC)C(=O)O1,rule0126_2,C=C1C=C(CC)C(=O)O1.C=C1C=C(CC)C(=O)O1>>C=C1C=C(C)C(=O)O1.C=C1C=C(CCC)C(=O)O1,0.7280825,1,0.70057434,1,0.04079803,0,0.43661714,0
