reactants,products,reactionString,ruleName,rxn_str,feasibilityScore_rule1,feasibilityLabel_rule1,feasibilityScore_rule2,feasibilityLabel_rule2,feasibilityScore_rule3,feasibilityLabel_rule3,feasibilityScore_rule4,feasibilityLabel_rule4
CC[C@H](C(=O)O)C(=O)C(O)=Cc1c[nH]c(Cl)c1Cl,CC[C@@H](C(=O)c1cc2c(Cl)c(Cl)[nH]c2o1)C(O)O,CC[C@H](C(=O)O)C(=O)C(O)=Cc1c[nH]c(Cl)c1Cl >> CC[C@@H](C(=O)c1cc2c(Cl)c(Cl)[nH]c2o1)C(O)O,rule0169_1,CC[C@H](C(=O)O)C(=O)C(O)=Cc1c[nH]c(Cl)c1Cl>>CC[C@@H](C(=O)c1cc2c(Cl)c(Cl)[nH]c2o1)C(O)O,0.019001279,0,0.042756934,0,0.42404622,0,0.002755546,0
CC[C@@H]1C(=O)OC(=C(C)c2c[nH]c(Cl)c2Cl)C1=O.O,CC(=C1OC(=O)[C@@H](C(C)O)C1O)c1c[nH]c(Cl)c1Cl,CC[C@@H]1C(=O)OC(=C(C)c2c[nH]c(Cl)c2Cl)C1=O.O >> CC(=C1OC(=O)[C@@H](C(C)O)C1O)c1c[nH]c(Cl)c1Cl,rule0070_6,CC[C@@H]1C(=O)OC(=C(C)c2c[nH]c(Cl)c2Cl)C1=O.O>>CC(=C1OC(=O)[C@@H](C(C)O)C1O)c1c[nH]c(Cl)c1Cl,0.10406615,0,0.014155321,0,0.13084176,0,0.0022881266,0
CC(O)[C@@H]1C(=O)OC(=Cc2c[nH]c(Cl)c2Cl)C1O.O,OCC(O)[C@@H]1C(O)OC(=Cc2c[nH]c(Cl)c2Cl)C1O,CC(O)[C@@H]1C(=O)OC(=Cc2c[nH]c(Cl)c2Cl)C1O.O >> OCC(O)[C@@H]1C(O)OC(=Cc2c[nH]c(Cl)c2Cl)C1O,rule0070_6,CC(O)[C@@H]1C(=O)OC(=Cc2c[nH]c(Cl)c2Cl)C1O.O>>OCC(O)[C@@H]1C(O)OC(=Cc2c[nH]c(Cl)c2Cl)C1O,0.009423644,0,0.8433366,1,0.018663801,0,0.5834005,0
CC(O)[C@@H]1C(=O)OC(=Cc2c[nH]c(Cl)c2Cl)C1O,C[C@]1(CO)C(=O)OC(=Cc2c[nH]c(Cl)c2Cl)C1O,CC(O)[C@@H]1C(=O)OC(=Cc2c[nH]c(Cl)c2Cl)C1O >> C[C@]1(CO)C(=O)OC(=Cc2c[nH]c(Cl)c2Cl)C1O,rule0028_51,CC(O)[C@@H]1C(=O)OC(=Cc2c[nH]c(Cl)c2Cl)C1O>>C[C@]1(CO)C(=O)OC(=Cc2c[nH]c(Cl)c2Cl)C1O,0.0028491656,0,0.032930035,0,0.2592247,0,0.19711043,0
CC(O)[C@@H]1C(=O)OC(=Cc2c[nH]c(Cl)c2Cl)C1O.CC(O)[C@@H]1C(=O)OC(=Cc2c[nH]c(Cl)c2Cl)C1O,CC(O)[C@@]1(C)C(=O)OC(=Cc2c[nH]c(Cl)c2Cl)C1O.O=C1OC(=Cc2c[nH]c(Cl)c2Cl)C(O)[C@@H]1CO,CC(O)[C@@H]1C(=O)OC(=Cc2c[nH]c(Cl)c2Cl)C1O.CC(O)[C@@H]1C(=O)OC(=Cc2c[nH]c(Cl)c2Cl)C1O >> CC(O)[C@@]1(C)C(=O)OC(=Cc2c[nH]c(Cl)c2Cl)C1O.O=C1OC(=Cc2c[nH]c(Cl)c2Cl)C(O)[C@@H]1CO,rule0126_2,CC(O)[C@@H]1C(=O)OC(=Cc2c[nH]c(Cl)c2Cl)C1O.CC(O)[C@@H]1C(=O)OC(=Cc2c[nH]c(Cl)c2Cl)C1O>>CC(O)[C@@]1(C)C(=O)OC(=Cc2c[nH]c(Cl)c2Cl)C1O.O=C1OC(=Cc2c[nH]c(Cl)c2Cl)C(O)[C@@H]1CO,0.014099514,0,0.047419522,0,0.004619902,0,0.20640656,0
O=C1C(=Cc2c[nH]c(Cl)c2Cl)OC(O)[C@H]1CCO,C[C@]1(CO)C(=O)C(=Cc2c[nH]c(Cl)c2Cl)OC1O,O=C1C(=Cc2c[nH]c(Cl)c2Cl)OC(O)[C@H]1CCO >> C[C@]1(CO)C(=O)C(=Cc2c[nH]c(Cl)c2Cl)OC1O,rule0028_50,O=C1C(=Cc2c[nH]c(Cl)c2Cl)OC(O)[C@H]1CCO>>C[C@]1(CO)C(=O)C(=Cc2c[nH]c(Cl)c2Cl)OC1O,0.0027869854,0,0.0044647837,0,0.49545366,0,0.5983659,0
CC[C@H](C(=O)O)C(=O)C(O)=Cc1c[nH]c(Cl)c1Cl,Cc1[nH]c(Cl)c(Cl)c1C=C(O)C(=O)[C@H](C)C(=O)O,CC[C@H](C(=O)O)C(=O)C(O)=Cc1c[nH]c(Cl)c1Cl >> Cc1[nH]c(Cl)c(Cl)c1C=C(O)C(=O)[C@H](C)C(=O)O,rule0028_46,CC[C@H](C(=O)O)C(=O)C(O)=Cc1c[nH]c(Cl)c1Cl>>Cc1[nH]c(Cl)c(Cl)c1C=C(O)C(=O)[C@H](C)C(=O)O,0.2688892,0,0.1975198,0,0.4123836,0,0.04813747,0
CC(O)[C@@H]1C(=O)OC(=Cc2c[nH]c(Cl)c2Cl)C1O.CC(O)[C@@H]1C(=O)OC(=Cc2c[nH]c(Cl)c2Cl)C1O,CC(=C1OC(=O)[C@@H](C(C)O)C1O)c1c[nH]c(Cl)c1Cl.O=C1OC(=Cc2c[nH]c(Cl)c2Cl)C(O)[C@@H]1CO,CC(O)[C@@H]1C(=O)OC(=Cc2c[nH]c(Cl)c2Cl)C1O.CC(O)[C@@H]1C(=O)OC(=Cc2c[nH]c(Cl)c2Cl)C1O >> CC(=C1OC(=O)[C@@H](C(C)O)C1O)c1c[nH]c(Cl)c1Cl.O=C1OC(=Cc2c[nH]c(Cl)c2Cl)C(O)[C@@H]1CO,rule0126_2,CC(O)[C@@H]1C(=O)OC(=Cc2c[nH]c(Cl)c2Cl)C1O.CC(O)[C@@H]1C(=O)OC(=Cc2c[nH]c(Cl)c2Cl)C1O>>CC(=C1OC(=O)[C@@H](C(C)O)C1O)c1c[nH]c(Cl)c1Cl.O=C1OC(=Cc2c[nH]c(Cl)c2Cl)C(O)[C@@H]1CO,0.15233159,0,0.023793843,0,0.0009787257,0,0.20632954,0
CC[C@H](C(=O)O)C(=O)C(O)=Cc1c[nH]c(Cl)c1Cl.NC(=O)C1=CN([C@@H]2O[C@H](COP(=O)(O)OP(=O)(O)OC[C@H]3O[C@@H](n4cnc5c(N)ncnc54)[C@H](OP(=O)(O)O)[C@@H]3O)[C@@H](O)[C@H]2O)C=CC1.O=O,CC[C@H](OC(=O)O)C(=O)C(O)=Cc1c[nH]c(Cl)c1Cl.NC(=O)c1ccc[n+]([C@@H]2O[C@H](COP(=O)(O)OP(=O)(O)OC[C@H]3O[C@@H](n4cnc5c(N)ncnc54)[C@H](OP(=O)(O)O)[C@@H]3O)[C@@H](O)[C@H]2O)c1.O,CC[C@H](C(=O)O)C(=O)C(O)=Cc1c[nH]c(Cl)c1Cl.NC(=O)C1=CN([C@@H]2O[C@H](COP(=O)(O)OP(=O)(O)OC[C@H]3O[C@@H](n4cnc5c(N)ncnc54)[C@H](OP(=O)(O)O)[C@@H]3O)[C@@H](O)[C@H]2O)C=CC1.O=O >> CC[C@H](OC(=O)O)C(=O)C(O)=Cc1c[nH]c(Cl)c1Cl.NC(=O)c1ccc[n+]([C@@H]2O[C@H](COP(=O)(O)OP(=O)(O)OC[C@H]3O[C@@H](n4cnc5c(N)ncnc54)[C@H](OP(=O)(O)O)[C@@H]3O)[C@@H](O)[C@H]2O)c1.O,rule0083_11,CC[C@H](C(=O)O)C(=O)C(O)=Cc1c[nH]c(Cl)c1Cl.NC(=O)C1=CN([C@@H]2O[C@H](COP(=O)(O)OP(=O)(O)OC[C@H]3O[C@@H](n4cnc5c(N)ncnc54)[C@H](OP(=O)(O)O)[C@@H]3O)[C@@H](O)[C@H]2O)C=CC1.O=O>>CC[C@H](OC(=O)O)C(=O)C(O)=Cc1c[nH]c(Cl)c1Cl.NC(=O)c1ccc[n+]([C@@H]2O[C@H](COP(=O)(O)OP(=O)(O)OC[C@H]3O[C@@H](n4cnc5c(N)ncnc54)[C@H](OP(=O)(O)O)[C@@H]3O)[C@@H](O)[C@H]2O)c1.O,0.17990851,0,0.49923822,0,0.006867572,0,0.063761204,0
O.O=C1OC(=Cc2c[nH]c(Cl)c2Cl)C(=O)[C@@H]1CCO,O=C1OC(=Cc2c[nH]c(Cl)c2Cl)C(O)[C@@H]1CC(O)O,O.O=C1OC(=Cc2c[nH]c(Cl)c2Cl)C(=O)[C@@H]1CCO >> O=C1OC(=Cc2c[nH]c(Cl)c2Cl)C(O)[C@@H]1CC(O)O,rule0070_6,O.O=C1OC(=Cc2c[nH]c(Cl)c2Cl)C(=O)[C@@H]1CCO>>O=C1OC(=Cc2c[nH]c(Cl)c2Cl)C(O)[C@@H]1CC(O)O,0.121384546,0,0.29045686,0,0.38189146,0,0.049025707,0
CC[C@@H]1C(=O)OC(=Cc2c[nH]c(Cl)c2Cl)C1=O,Cc1[nH]c(Cl)c(Cl)c1C=C1OC(=O)[C@@H](C)C1=O,CC[C@@H]1C(=O)OC(=Cc2c[nH]c(Cl)c2Cl)C1=O >> Cc1[nH]c(Cl)c(Cl)c1C=C1OC(=O)[C@@H](C)C1=O,rule0028_51,CC[C@@H]1C(=O)OC(=Cc2c[nH]c(Cl)c2Cl)C1=O>>Cc1[nH]c(Cl)c(Cl)c1C=C1OC(=O)[C@@H](C)C1=O,0.0011281569,0,0.06555796,0,0.32569584,0,0.008774093,0
CC[C@H](C(=O)O)C(=O)C(O)=Cc1c[nH]c(Cl)c1Cl.N.NC(=O)C1=CN([C@@H]2O[C@H](COP(=O)(O)OP(=O)(O)OC[C@H]3O[C@@H](n4cnc5c(N)ncnc54)[C@H](OP(=O)(O)O)[C@@H]3O)[C@@H](O)[C@H]2O)C=CC1,CC[C@H](C(=O)O)C(N)C(O)=Cc1c[nH]c(Cl)c1Cl.NC(=O)c1ccc[n+]([C@@H]2O[C@H](COP(=O)(O)OP(=O)(O)OC[C@H]3O[C@@H](n4cnc5c(N)ncnc54)[C@H](OP(=O)(O)O)[C@@H]3O)[C@@H](O)[C@H]2O)c1.O,CC[C@H](C(=O)O)C(=O)C(O)=Cc1c[nH]c(Cl)c1Cl.N.NC(=O)C1=CN([C@@H]2O[C@H](COP(=O)(O)OP(=O)(O)OC[C@H]3O[C@@H](n4cnc5c(N)ncnc54)[C@H](OP(=O)(O)O)[C@@H]3O)[C@@H](O)[C@H]2O)C=CC1 >> CC[C@H](C(=O)O)C(N)C(O)=Cc1c[nH]c(Cl)c1Cl.NC(=O)c1ccc[n+]([C@@H]2O[C@H](COP(=O)(O)OP(=O)(O)OC[C@H]3O[C@@H](n4cnc5c(N)ncnc54)[C@H](OP(=O)(O)O)[C@@H]3O)[C@@H](O)[C@H]2O)c1.O,rule0166_2,CC[C@H](C(=O)O)C(=O)C(O)=Cc1c[nH]c(Cl)c1Cl.N.NC(=O)C1=CN([C@@H]2O[C@H](COP(=O)(O)OP(=O)(O)OC[C@H]3O[C@@H](n4cnc5c(N)ncnc54)[C@H](OP(=O)(O)O)[C@@H]3O)[C@@H](O)[C@H]2O)C=CC1>>CC[C@H](C(=O)O)C(N)C(O)=Cc1c[nH]c(Cl)c1Cl.NC(=O)c1ccc[n+]([C@@H]2O[C@H](COP(=O)(O)OP(=O)(O)OC[C@H]3O[C@@H](n4cnc5c(N)ncnc54)[C@H](OP(=O)(O)O)[C@@H]3O)[C@@H](O)[C@H]2O)c1.O,0.8024202,1,0.4265421,0,0.81420076,1,0.9147599,1
CC[C@@H]1C(=O)OC(=C(C)c2c[nH]c(Cl)c2Cl)C1=O.NC(=O)C1=CN([C@@H]2O[C@H](COP(=O)(O)OP(=O)(O)OC[C@H]3O[C@@H](n4cnc5c(N)ncnc54)[C@H](OP(=O)(O)O)[C@@H]3O)[C@@H](O)[C@H]2O)C=CC1.O=O,CC(=C1OC(=O)[C@@H](C(C)O)C1=O)c1c[nH]c(Cl)c1Cl.NC(=O)c1ccc[n+]([C@@H]2O[C@H](COP(=O)(O)OP(=O)(O)OC[C@H]3O[C@@H](n4cnc5c(N)ncnc54)[C@H](OP(=O)(O)O)[C@@H]3O)[C@@H](O)[C@H]2O)c1.O,CC[C@@H]1C(=O)OC(=C(C)c2c[nH]c(Cl)c2Cl)C1=O.NC(=O)C1=CN([C@@H]2O[C@H](COP(=O)(O)OP(=O)(O)OC[C@H]3O[C@@H](n4cnc5c(N)ncnc54)[C@H](OP(=O)(O)O)[C@@H]3O)[C@@H](O)[C@H]2O)C=CC1.O=O >> CC(=C1OC(=O)[C@@H](C(C)O)C1=O)c1c[nH]c(Cl)c1Cl.NC(=O)c1ccc[n+]([C@@H]2O[C@H](COP(=O)(O)OP(=O)(O)OC[C@H]3O[C@@H](n4cnc5c(N)ncnc54)[C@H](OP(=O)(O)O)[C@@H]3O)[C@@H](O)[C@H]2O)c1.O,rule0004_13,CC[C@@H]1C(=O)OC(=C(C)c2c[nH]c(Cl)c2Cl)C1=O.NC(=O)C1=CN([C@@H]2O[C@H](COP(=O)(O)OP(=O)(O)OC[C@H]3O[C@@H](n4cnc5c(N)ncnc54)[C@H](OP(=O)(O)O)[C@@H]3O)[C@@H](O)[C@H]2O)C=CC1.O=O>>CC(=C1OC(=O)[C@@H](C(C)O)C1=O)c1c[nH]c(Cl)c1Cl.NC(=O)c1ccc[n+]([C@@H]2O[C@H](COP(=O)(O)OP(=O)(O)OC[C@H]3O[C@@H](n4cnc5c(N)ncnc54)[C@H](OP(=O)(O)O)[C@@H]3O)[C@@H](O)[C@H]2O)c1.O,0.14594083,0,0.05061187,0,0.071055144,0,0.08282662,0
CC[C@H](C(=O)O)C(=O)C(O)=Cc1c[nH]c(Cl)c1Cl.O,CCCC(=O)O.O=C(O)C(O)=Cc1c[nH]c(Cl)c1Cl,CC[C@H](C(=O)O)C(=O)C(O)=Cc1c[nH]c(Cl)c1Cl.O >> CCCC(=O)O.O=C(O)C(O)=Cc1c[nH]c(Cl)c1Cl,rule0085_2,CC[C@H](C(=O)O)C(=O)C(O)=Cc1c[nH]c(Cl)c1Cl.O>>CCCC(=O)O.O=C(O)C(O)=Cc1c[nH]c(Cl)c1Cl,0.6766369,1,0.65009016,1,0.83289546,1,0.95110065,1
O=C1OC(=Cc2c[nH]c(Cl)c2Cl)C(O)[C@@H]1CCO,O=C1CC(O)(CCO)C(=Cc2c[nH]c(Cl)c2Cl)O1,O=C1OC(=Cc2c[nH]c(Cl)c2Cl)C(O)[C@@H]1CCO >> O=C1CC(O)(CCO)C(=Cc2c[nH]c(Cl)c2Cl)O1,rule0028_51,O=C1OC(=Cc2c[nH]c(Cl)c2Cl)C(O)[C@@H]1CCO>>O=C1CC(O)(CCO)C(=Cc2c[nH]c(Cl)c2Cl)O1,0.048153628,0,0.04426714,0,0.65616494,1,0.020623839,0
CC(O)[C@@H]1C(=O)OC(=Cc2c[nH]c(Cl)c2Cl)C1=O.NC(=O)C1=CN([C@@H]2O[C@H](COP(=O)(O)OP(=O)(O)OC[C@H]3O[C@@H](n4cnc5c(N)ncnc54)[C@H](OP(=O)(O)O)[C@@H]3O)[C@@H](O)[C@H]2O)C=CC1.O=O,CC(O)(O)[C@@H]1C(=O)OC(=Cc2c[nH]c(Cl)c2Cl)C1=O.NC(=O)c1ccc[n+]([C@@H]2O[C@H](COP(=O)(O)OP(=O)(O)OC[C@H]3O[C@@H](n4cnc5c(N)ncnc54)[C@H](OP(=O)(O)O)[C@@H]3O)[C@@H](O)[C@H]2O)c1.O,CC(O)[C@@H]1C(=O)OC(=Cc2c[nH]c(Cl)c2Cl)C1=O.NC(=O)C1=CN([C@@H]2O[C@H](COP(=O)(O)OP(=O)(O)OC[C@H]3O[C@@H](n4cnc5c(N)ncnc54)[C@H](OP(=O)(O)O)[C@@H]3O)[C@@H](O)[C@H]2O)C=CC1.O=O >> CC(O)(O)[C@@H]1C(=O)OC(=Cc2c[nH]c(Cl)c2Cl)C1=O.NC(=O)c1ccc[n+]([C@@H]2O[C@H](COP(=O)(O)OP(=O)(O)OC[C@H]3O[C@@H](n4cnc5c(N)ncnc54)[C@H](OP(=O)(O)O)[C@@H]3O)[C@@H](O)[C@H]2O)c1.O,rule0004_13,CC(O)[C@@H]1C(=O)OC(=Cc2c[nH]c(Cl)c2Cl)C1=O.NC(=O)C1=CN([C@@H]2O[C@H](COP(=O)(O)OP(=O)(O)OC[C@H]3O[C@@H](n4cnc5c(N)ncnc54)[C@H](OP(=O)(O)O)[C@@H]3O)[C@@H](O)[C@H]2O)C=CC1.O=O>>CC(O)(O)[C@@H]1C(=O)OC(=Cc2c[nH]c(Cl)c2Cl)C1=O.NC(=O)c1ccc[n+]([C@@H]2O[C@H](COP(=O)(O)OP(=O)(O)OC[C@H]3O[C@@H](n4cnc5c(N)ncnc54)[C@H](OP(=O)(O)O)[C@@H]3O)[C@@H](O)[C@H]2O)c1.O,0.00061518716,0,0.29239023,0,0.011517738,0,0.12515762,0
O=C(O)CC[C@@H]1C(=O)OC(=Cc2c[nH]c(Cl)c2Cl)C1=O,CC[C@@H]1C(=O)OC(=Cc2c(C(=O)O)[nH]c(Cl)c2Cl)C1=O,O=C(O)CC[C@@H]1C(=O)OC(=Cc2c[nH]c(Cl)c2Cl)C1=O >> CC[C@@H]1C(=O)OC(=Cc2c(C(=O)O)[nH]c(Cl)c2Cl)C1=O,rule0028_50,O=C(O)CC[C@@H]1C(=O)OC(=Cc2c[nH]c(Cl)c2Cl)C1=O>>CC[C@@H]1C(=O)OC(=Cc2c(C(=O)O)[nH]c(Cl)c2Cl)C1=O,0.011566231,0,0.012177012,0,0.62058544,1,0.3707952,0
CC(O)[C@@H]1C(=O)OC(=Cc2c[nH]c(Cl)c2Cl)C1O.NC(=O)C1=CN([C@@H]2O[C@H](COP(=O)(O)OP(=O)(O)OC[C@H]3O[C@@H](n4cnc5c(N)ncnc54)[C@H](OP(=O)(O)O)[C@@H]3O)[C@@H](O)[C@H]2O)C=CC1.O=O,NC(=O)c1ccc[n+]([C@@H]2O[C@H](COP(=O)(O)OP(=O)(O)OC[C@H]3O[C@@H](n4cnc5c(N)ncnc54)[C@H](OP(=O)(O)O)[C@@H]3O)[C@@H](O)[C@H]2O)c1.O.O=C1OC(=Cc2c[nH]c(Cl)c2Cl)C(O)[C@@H]1C(O)CO,CC(O)[C@@H]1C(=O)OC(=Cc2c[nH]c(Cl)c2Cl)C1O.NC(=O)C1=CN([C@@H]2O[C@H](COP(=O)(O)OP(=O)(O)OC[C@H]3O[C@@H](n4cnc5c(N)ncnc54)[C@H](OP(=O)(O)O)[C@@H]3O)[C@@H](O)[C@H]2O)C=CC1.O=O >> NC(=O)c1ccc[n+]([C@@H]2O[C@H](COP(=O)(O)OP(=O)(O)OC[C@H]3O[C@@H](n4cnc5c(N)ncnc54)[C@H](OP(=O)(O)O)[C@@H]3O)[C@@H](O)[C@H]2O)c1.O.O=C1OC(=Cc2c[nH]c(Cl)c2Cl)C(O)[C@@H]1C(O)CO,rule0004_13,CC(O)[C@@H]1C(=O)OC(=Cc2c[nH]c(Cl)c2Cl)C1O.NC(=O)C1=CN([C@@H]2O[C@H](COP(=O)(O)OP(=O)(O)OC[C@H]3O[C@@H](n4cnc5c(N)ncnc54)[C@H](OP(=O)(O)O)[C@@H]3O)[C@@H](O)[C@H]2O)C=CC1.O=O>>NC(=O)c1ccc[n+]([C@@H]2O[C@H](COP(=O)(O)OP(=O)(O)OC[C@H]3O[C@@H](n4cnc5c(N)ncnc54)[C@H](OP(=O)(O)O)[C@@H]3O)[C@@H](O)[C@H]2O)c1.O.O=C1OC(=Cc2c[nH]c(Cl)c2Cl)C(O)[C@@H]1C(O)CO,0.0052295313,0,0.30372402,0,0.26396883,0,0.2645134,0
CCC(=C1OC(=O)CC1=O)c1c[nH]c(Cl)c1Cl,CC(=C1OC(=O)CC1=O)c1c(C)[nH]c(Cl)c1Cl,CCC(=C1OC(=O)CC1=O)c1c[nH]c(Cl)c1Cl >> CC(=C1OC(=O)CC1=O)c1c(C)[nH]c(Cl)c1Cl,rule0028_51,CCC(=C1OC(=O)CC1=O)c1c[nH]c(Cl)c1Cl>>CC(=C1OC(=O)CC1=O)c1c(C)[nH]c(Cl)c1Cl,0.502392,0,0.03458602,0,0.91714257,1,0.12951493,0
CC[C@@H]1C(=O)OC(=Cc2c(C)[nH]c(Cl)c2Cl)C1=O.O,CC[C@H](C(=O)O)C(=O)C(O)=Cc1c(C)[nH]c(Cl)c1Cl,CC[C@@H]1C(=O)OC(=Cc2c(C)[nH]c(Cl)c2Cl)C1=O.O >> CC[C@H](C(=O)O)C(=O)C(O)=Cc1c(C)[nH]c(Cl)c1Cl,rule0035_7,CC[C@@H]1C(=O)OC(=Cc2c(C)[nH]c(Cl)c2Cl)C1=O.O>>CC[C@H](C(=O)O)C(=O)C(O)=Cc1c(C)[nH]c(Cl)c1Cl,0.28999585,0,0.92505544,1,0.6603969,1,0.7841079,1
CC[C@@H]1C(=O)OC(=C(C)c2c[nH]c(Cl)c2Cl)C1=O.O,CC(=C1OC(=O)[C@@H](CCO)C1O)c1c[nH]c(Cl)c1Cl,CC[C@@H]1C(=O)OC(=C(C)c2c[nH]c(Cl)c2Cl)C1=O.O >> CC(=C1OC(=O)[C@@H](CCO)C1O)c1c[nH]c(Cl)c1Cl,rule0070_6,CC[C@@H]1C(=O)OC(=C(C)c2c[nH]c(Cl)c2Cl)C1=O.O>>CC(=C1OC(=O)[C@@H](CCO)C1O)c1c[nH]c(Cl)c1Cl,0.00039405012,0,0.09203233,0,0.045724563,0,0.0008762329,0
CC(C)[C@@H]1C(=O)OC(=Cc2c[nH]c(Cl)c2Cl)C1=O.O,CC(CO)[C@H]1C(=O)C(=Cc2c[nH]c(Cl)c2Cl)OC1O,CC(C)[C@@H]1C(=O)OC(=Cc2c[nH]c(Cl)c2Cl)C1=O.O >> CC(CO)[C@H]1C(=O)C(=Cc2c[nH]c(Cl)c2Cl)OC1O,rule0070_6,CC(C)[C@@H]1C(=O)OC(=Cc2c[nH]c(Cl)c2Cl)C1=O.O>>CC(CO)[C@H]1C(=O)C(=Cc2c[nH]c(Cl)c2Cl)OC1O,0.001082625,0,0.77078134,1,0.31707662,0,0.4970719,0
CC[C@@]1(C)C(=O)OC(=Cc2c[nH]c(Cl)c2Cl)C1=O,Cc1[nH]c(Cl)c(Cl)c1C=C1OC(=O)C(C)(C)C1=O,CC[C@@]1(C)C(=O)OC(=Cc2c[nH]c(Cl)c2Cl)C1=O >> Cc1[nH]c(Cl)c(Cl)c1C=C1OC(=O)C(C)(C)C1=O,rule0028_51,CC[C@@]1(C)C(=O)OC(=Cc2c[nH]c(Cl)c2Cl)C1=O>>Cc1[nH]c(Cl)c(Cl)c1C=C1OC(=O)C(C)(C)C1=O,0.45541397,0,0.34865052,0,0.28169122,0,0.05771553,0
Cl.O=C1C(=Cc2c[nH]c(Cl)c2Cl)OC(O)[C@H]1CCO,O.O=C1C(=Cc2c[nH]c(Cl)c2Cl)OC(O)[C@H]1CCCl,Cl.O=C1C(=Cc2c[nH]c(Cl)c2Cl)OC(O)[C@H]1CCO >> O.O=C1C(=Cc2c[nH]c(Cl)c2Cl)OC(O)[C@H]1CCCl,rule0183_6,Cl.O=C1C(=Cc2c[nH]c(Cl)c2Cl)OC(O)[C@H]1CCO>>O.O=C1C(=Cc2c[nH]c(Cl)c2Cl)OC(O)[C@H]1CCCl,0.109314986,0,0.72504026,1,0.3695491,0,0.95097333,1
CC(O)[C@H]1C(=O)C(=Cc2c[nH]c(Cl)c2Cl)OC1O,CC(O)c1[nH]c(Cl)c(Cl)c1C=C1OC(O)CC1=O,CC(O)[C@H]1C(=O)C(=Cc2c[nH]c(Cl)c2Cl)OC1O >> CC(O)c1[nH]c(Cl)c(Cl)c1C=C1OC(O)CC1=O,rule0028_50,CC(O)[C@H]1C(=O)C(=Cc2c[nH]c(Cl)c2Cl)OC1O>>CC(O)c1[nH]c(Cl)c(Cl)c1C=C1OC(O)CC1=O,0.0179385,0,0.05533457,0,0.5790323,0,0.037257068,0
CCC(=C1OC(=O)CC1=O)c1c[nH]c(Cl)c1Cl.CCC(=C1OC(=O)CC1=O)c1c[nH]c(Cl)c1Cl,CC(=C1OC(=O)CC1=O)c1c[nH]c(Cl)c1Cl.CCC(=C1OC(=O)CC1=O)c1c(C)[nH]c(Cl)c1Cl,CCC(=C1OC(=O)CC1=O)c1c[nH]c(Cl)c1Cl.CCC(=C1OC(=O)CC1=O)c1c[nH]c(Cl)c1Cl >> CC(=C1OC(=O)CC1=O)c1c[nH]c(Cl)c1Cl.CCC(=C1OC(=O)CC1=O)c1c(C)[nH]c(Cl)c1Cl,rule0126_2,CCC(=C1OC(=O)CC1=O)c1c[nH]c(Cl)c1Cl.CCC(=C1OC(=O)CC1=O)c1c[nH]c(Cl)c1Cl>>CC(=C1OC(=O)CC1=O)c1c[nH]c(Cl)c1Cl.CCC(=C1OC(=O)CC1=O)c1c(C)[nH]c(Cl)c1Cl,0.90901315,1,0.19641188,0,0.0076915594,0,0.495928,0
CC(O)[C@H]1C(=O)C(=Cc2c[nH]c(Cl)c2Cl)OC1O.C[S+](CC[C@H](N)C(=O)O)C[C@H]1O[C@@H](n2cnc3c(N)ncnc32)[C@H](O)[C@@H]1O,CC(C)(O)[C@H]1C(=O)C(=Cc2c[nH]c(Cl)c2Cl)OC1O.Nc1ncnc2c1ncn2[C@@H]1O[C@H](CSCC[C@H](N)C(=O)O)[C@@H](O)[C@H]1O,CC(O)[C@H]1C(=O)C(=Cc2c[nH]c(Cl)c2Cl)OC1O.C[S+](CC[C@H](N)C(=O)O)C[C@H]1O[C@@H](n2cnc3c(N)ncnc32)[C@H](O)[C@@H]1O >> CC(C)(O)[C@H]1C(=O)C(=Cc2c[nH]c(Cl)c2Cl)OC1O.Nc1ncnc2c1ncn2[C@@H]1O[C@H](CSCC[C@H](N)C(=O)O)[C@@H](O)[C@H]1O,rule0043_12,CC(O)[C@H]1C(=O)C(=Cc2c[nH]c(Cl)c2Cl)OC1O.C[S+](CC[C@H](N)C(=O)O)C[C@H]1O[C@@H](n2cnc3c(N)ncnc32)[C@H](O)[C@@H]1O>>CC(C)(O)[C@H]1C(=O)C(=Cc2c[nH]c(Cl)c2Cl)OC1O.Nc1ncnc2c1ncn2[C@@H]1O[C@H](CSCC[C@H](N)C(=O)O)[C@@H](O)[C@H]1O,0.653949,1,0.99646854,1,0.1806042,0,0.27019554,0
CC[C@H](C(=O)O)C(=O)C(O)=Cc1c[nH]c(Cl)c1Cl,CC(C(O)=Cc1c[nH]c(Cl)c1Cl)[C@@H](C=O)C(=O)O,CC[C@H](C(=O)O)C(=O)C(O)=Cc1c[nH]c(Cl)c1Cl >> CC(C(O)=Cc1c[nH]c(Cl)c1Cl)[C@@H](C=O)C(=O)O,rule0028_46,CC[C@H](C(=O)O)C(=O)C(O)=Cc1c[nH]c(Cl)c1Cl>>CC(C(O)=Cc1c[nH]c(Cl)c1Cl)[C@@H](C=O)C(=O)O,0.1894448,0,0.0018558316,0,0.41626033,0,0.14314103,0
CC(O)[C@@H]1C(=O)OC(=Cc2c[nH]c(Cl)c2Cl)C1O,CC(O)C(=C1OC(=O)CC1O)c1c[nH]c(Cl)c1Cl,CC(O)[C@@H]1C(=O)OC(=Cc2c[nH]c(Cl)c2Cl)C1O >> CC(O)C(=C1OC(=O)CC1O)c1c[nH]c(Cl)c1Cl,rule0028_50,CC(O)[C@@H]1C(=O)OC(=Cc2c[nH]c(Cl)c2Cl)C1O>>CC(O)C(=C1OC(=O)CC1O)c1c[nH]c(Cl)c1Cl,0.0136405425,0,0.17720109,0,0.024367463,0,0.12811029,0
N.Nc1ncnc2c1ncn2[C@@H]1O[C@H](COP(=O)(O)OP(=O)(O)OP(=O)(O)O)[C@@H](O)[C@H]1O.O=C(O)CC[C@@H]1C(=O)OC(=Cc2c[nH]c(Cl)c2Cl)C1=O,NC(=O)CC[C@@H]1C(=O)OC(=Cc2c[nH]c(Cl)c2Cl)C1=O.Nc1ncnc2c1ncn2[C@@H]1O[C@H](COP(=O)(O)O)[C@@H](O)[C@H]1O.O=P(O)(O)OP(=O)(O)O,N.Nc1ncnc2c1ncn2[C@@H]1O[C@H](COP(=O)(O)OP(=O)(O)OP(=O)(O)O)[C@@H](O)[C@H]1O.O=C(O)CC[C@@H]1C(=O)OC(=Cc2c[nH]c(Cl)c2Cl)C1=O >> NC(=O)CC[C@@H]1C(=O)OC(=Cc2c[nH]c(Cl)c2Cl)C1=O.Nc1ncnc2c1ncn2[C@@H]1O[C@H](COP(=O)(O)O)[C@@H](O)[C@H]1O.O=P(O)(O)OP(=O)(O)O,rule0386_2,N.Nc1ncnc2c1ncn2[C@@H]1O[C@H](COP(=O)(O)OP(=O)(O)OP(=O)(O)O)[C@@H](O)[C@H]1O.O=C(O)CC[C@@H]1C(=O)OC(=Cc2c[nH]c(Cl)c2Cl)C1=O>>NC(=O)CC[C@@H]1C(=O)OC(=Cc2c[nH]c(Cl)c2Cl)C1=O.Nc1ncnc2c1ncn2[C@@H]1O[C@H](COP(=O)(O)O)[C@@H](O)[C@H]1O.O=P(O)(O)OP(=O)(O)O,0.028434716,0,0.000990749,0,0.34308377,0,0.17766301,0
CCC[C@@H]1C(=O)OC(=Cc2c[nH]c(Cl)c2Cl)C1=O.O,O=C1C(=Cc2c[nH]c(Cl)c2Cl)OC(O)[C@H]1CCCO,CCC[C@@H]1C(=O)OC(=Cc2c[nH]c(Cl)c2Cl)C1=O.O >> O=C1C(=Cc2c[nH]c(Cl)c2Cl)OC(O)[C@H]1CCCO,rule0070_6,CCC[C@@H]1C(=O)OC(=Cc2c[nH]c(Cl)c2Cl)C1=O.O>>O=C1C(=Cc2c[nH]c(Cl)c2Cl)OC(O)[C@H]1CCCO,1.2345554e-05,0,0.30324242,0,0.015424327,0,0.034930225,0
CC[C@H](C(=O)O)C(=O)C(O)=Cc1c[nH]c(Cl)c1Cl.NC(=O)C1=CN([C@@H]2O[C@H](COP(=O)(O)OP(=O)(O)OC[C@H]3O[C@@H](n4cnc5c(N)ncnc54)[C@H](OP(=O)(O)O)[C@@H]3O)[C@@H](O)[C@H]2O)C=CC1,CC[C@H](C=O)C(=O)C(O)=Cc1c[nH]c(Cl)c1Cl.NC(=O)c1ccc[n+]([C@@H]2O[C@H](COP(=O)(O)OP(=O)(O)OC[C@H]3O[C@@H](n4cnc5c(N)ncnc54)[C@H](OP(=O)(O)O)[C@@H]3O)[C@@H](O)[C@H]2O)c1.O,CC[C@H](C(=O)O)C(=O)C(O)=Cc1c[nH]c(Cl)c1Cl.NC(=O)C1=CN([C@@H]2O[C@H](COP(=O)(O)OP(=O)(O)OC[C@H]3O[C@@H](n4cnc5c(N)ncnc54)[C@H](OP(=O)(O)O)[C@@H]3O)[C@@H](O)[C@H]2O)C=CC1 >> CC[C@H](C=O)C(=O)C(O)=Cc1c[nH]c(Cl)c1Cl.NC(=O)c1ccc[n+]([C@@H]2O[C@H](COP(=O)(O)OP(=O)(O)OC[C@H]3O[C@@H](n4cnc5c(N)ncnc54)[C@H](OP(=O)(O)O)[C@@H]3O)[C@@H](O)[C@H]2O)c1.O,rule0025_34,CC[C@H](C(=O)O)C(=O)C(O)=Cc1c[nH]c(Cl)c1Cl.NC(=O)C1=CN([C@@H]2O[C@H](COP(=O)(O)OP(=O)(O)OC[C@H]3O[C@@H](n4cnc5c(N)ncnc54)[C@H](OP(=O)(O)O)[C@@H]3O)[C@@H](O)[C@H]2O)C=CC1>>CC[C@H](C=O)C(=O)C(O)=Cc1c[nH]c(Cl)c1Cl.NC(=O)c1ccc[n+]([C@@H]2O[C@H](COP(=O)(O)OP(=O)(O)OC[C@H]3O[C@@H](n4cnc5c(N)ncnc54)[C@H](OP(=O)(O)O)[C@@H]3O)[C@@H](O)[C@H]2O)c1.O,0.0012804728,0,0.00278209,0,0.0016912982,0,0.4724323,0
CC(O)[C@H]1C(=O)C(=Cc2c[nH]c(Cl)c2Cl)OC1O,CC=O.O=C1CC(O)OC1=Cc1c[nH]c(Cl)c1Cl,CC(O)[C@H]1C(=O)C(=Cc2c[nH]c(Cl)c2Cl)OC1O >> CC=O.O=C1CC(O)OC1=Cc1c[nH]c(Cl)c1Cl,rule0053_20,CC(O)[C@H]1C(=O)C(=Cc2c[nH]c(Cl)c2Cl)OC1O>>CC=O.O=C1CC(O)OC1=Cc1c[nH]c(Cl)c1Cl,0.8504512,1,0.9542708,1,0.9059268,1,0.7801781,1
NC(=O)c1ccc[n+]([C@@H]2O[C@H](COP(=O)(O)OP(=O)(O)OC[C@H]3O[C@@H](n4cnc5c(N)ncnc54)[C@H](OP(=O)(O)O)[C@@H]3O)[C@@H](O)[C@H]2O)c1.O.O=C1OC(=Cc2c[nH]c(Cl)c2Cl)C(O)[C@@H]1CCO,CC[C@@H]1C(=O)OC(=Cc2c[nH]c(Cl)c2Cl)C1O.NC(=O)C1=CN([C@@H]2O[C@H](COP(=O)(O)OP(=O)(O)OC[C@H]3O[C@@H](n4cnc5c(N)ncnc54)[C@H](OP(=O)(O)O)[C@@H]3O)[C@@H](O)[C@H]2O)C=CC1.O=O,NC(=O)c1ccc[n+]([C@@H]2O[C@H](COP(=O)(O)OP(=O)(O)OC[C@H]3O[C@@H](n4cnc5c(N)ncnc54)[C@H](OP(=O)(O)O)[C@@H]3O)[C@@H](O)[C@H]2O)c1.O.O=C1OC(=Cc2c[nH]c(Cl)c2Cl)C(O)[C@@H]1CCO >> CC[C@@H]1C(=O)OC(=Cc2c[nH]c(Cl)c2Cl)C1O.NC(=O)C1=CN([C@@H]2O[C@H](COP(=O)(O)OP(=O)(O)OC[C@H]3O[C@@H](n4cnc5c(N)ncnc54)[C@H](OP(=O)(O)O)[C@@H]3O)[C@@H](O)[C@H]2O)C=CC1.O=O,rule0005_61,NC(=O)c1ccc[n+]([C@@H]2O[C@H](COP(=O)(O)OP(=O)(O)OC[C@H]3O[C@@H](n4cnc5c(N)ncnc54)[C@H](OP(=O)(O)O)[C@@H]3O)[C@@H](O)[C@H]2O)c1.O.O=C1OC(=Cc2c[nH]c(Cl)c2Cl)C(O)[C@@H]1CCO>>CC[C@@H]1C(=O)OC(=Cc2c[nH]c(Cl)c2Cl)C1O.NC(=O)C1=CN([C@@H]2O[C@H](COP(=O)(O)OP(=O)(O)OC[C@H]3O[C@@H](n4cnc5c(N)ncnc54)[C@H](OP(=O)(O)O)[C@@H]3O)[C@@H](O)[C@H]2O)C=CC1.O=O,0.00034963852,0,0.000114106275,0,0.0069901487,0,0.001069055,0
CC[C@H](C(=O)O)C(=O)C(O)=Cc1c[nH]c(Cl)c1Cl.NC(=O)C1=CN([C@@H]2O[C@H](COP(=O)(O)OP(=O)(O)OC[C@H]3O[C@@H](n4cnc5c(N)ncnc54)[C@H](OP(=O)(O)O)[C@@H]3O)[C@@H](O)[C@H]2O)C=CC1,CC[C@H](C(=O)O)C(O)C(O)=Cc1c[nH]c(Cl)c1Cl.NC(=O)c1ccc[n+]([C@@H]2O[C@H](COP(=O)(O)OP(=O)(O)OC[C@H]3O[C@@H](n4cnc5c(N)ncnc54)[C@H](OP(=O)(O)O)[C@@H]3O)[C@@H](O)[C@H]2O)c1,CC[C@H](C(=O)O)C(=O)C(O)=Cc1c[nH]c(Cl)c1Cl.NC(=O)C1=CN([C@@H]2O[C@H](COP(=O)(O)OP(=O)(O)OC[C@H]3O[C@@H](n4cnc5c(N)ncnc54)[C@H](OP(=O)(O)O)[C@@H]3O)[C@@H](O)[C@H]2O)C=CC1 >> CC[C@H](C(=O)O)C(O)C(O)=Cc1c[nH]c(Cl)c1Cl.NC(=O)c1ccc[n+]([C@@H]2O[C@H](COP(=O)(O)OP(=O)(O)OC[C@H]3O[C@@H](n4cnc5c(N)ncnc54)[C@H](OP(=O)(O)O)[C@@H]3O)[C@@H](O)[C@H]2O)c1,rule0003_166,CC[C@H](C(=O)O)C(=O)C(O)=Cc1c[nH]c(Cl)c1Cl.NC(=O)C1=CN([C@@H]2O[C@H](COP(=O)(O)OP(=O)(O)OC[C@H]3O[C@@H](n4cnc5c(N)ncnc54)[C@H](OP(=O)(O)O)[C@@H]3O)[C@@H](O)[C@H]2O)C=CC1>>CC[C@H](C(=O)O)C(O)C(O)=Cc1c[nH]c(Cl)c1Cl.NC(=O)c1ccc[n+]([C@@H]2O[C@H](COP(=O)(O)OP(=O)(O)OC[C@H]3O[C@@H](n4cnc5c(N)ncnc54)[C@H](OP(=O)(O)O)[C@@H]3O)[C@@H](O)[C@H]2O)c1,0.76971805,1,0.9647454,1,0.75162673,1,0.9086596,1
Cl.O=C1OC(=Cc2c[nH]c(Cl)c2Cl)C(=O)[C@@H]1CCO,O.O=C1OC(=Cc2c[nH]c(Cl)c2Cl)C(=O)[C@@H]1CCCl,Cl.O=C1OC(=Cc2c[nH]c(Cl)c2Cl)C(=O)[C@@H]1CCO >> O.O=C1OC(=Cc2c[nH]c(Cl)c2Cl)C(=O)[C@@H]1CCCl,rule0183_6,Cl.O=C1OC(=Cc2c[nH]c(Cl)c2Cl)C(=O)[C@@H]1CCO>>O.O=C1OC(=Cc2c[nH]c(Cl)c2Cl)C(=O)[C@@H]1CCCl,0.0073602116,0,0.7251276,1,0.34466043,0,0.9534256,1
CC[C@H](C(=O)O)C(=O)C(O)=Cc1c[nH]c(Cl)c1Cl.O,CC[C@@](O)(C(=O)O)C(O)C(O)=Cc1c[nH]c(Cl)c1Cl,CC[C@H](C(=O)O)C(=O)C(O)=Cc1c[nH]c(Cl)c1Cl.O >> CC[C@@](O)(C(=O)O)C(O)C(O)=Cc1c[nH]c(Cl)c1Cl,rule0070_6,CC[C@H](C(=O)O)C(=O)C(O)=Cc1c[nH]c(Cl)c1Cl.O>>CC[C@@](O)(C(=O)O)C(O)C(O)=Cc1c[nH]c(Cl)c1Cl,0.010877227,0,0.017902592,0,0.10297362,0,0.0025385765,0
CCc1[nH]c(Cl)c(Cl)c1C=C1OC(=O)CC1=O.CCc1[nH]c(Cl)c(Cl)c1C=C1OC(=O)CC1=O,CC(C)c1[nH]c(Cl)c(Cl)c1C=C1OC(=O)CC1=O.Cc1[nH]c(Cl)c(Cl)c1C=C1OC(=O)CC1=O,CCc1[nH]c(Cl)c(Cl)c1C=C1OC(=O)CC1=O.CCc1[nH]c(Cl)c(Cl)c1C=C1OC(=O)CC1=O >> CC(C)c1[nH]c(Cl)c(Cl)c1C=C1OC(=O)CC1=O.Cc1[nH]c(Cl)c(Cl)c1C=C1OC(=O)CC1=O,rule0126_2,CCc1[nH]c(Cl)c(Cl)c1C=C1OC(=O)CC1=O.CCc1[nH]c(Cl)c(Cl)c1C=C1OC(=O)CC1=O>>CC(C)c1[nH]c(Cl)c(Cl)c1C=C1OC(=O)CC1=O.Cc1[nH]c(Cl)c(Cl)c1C=C1OC(=O)CC1=O,0.0360744,0,0.036503226,0,0.001930915,0,0.021402502,0
CCc1[nH]c(Cl)c(Cl)c1C=C1OC(=O)CC1=O.C[S+](CC[C@H](N)C(=O)O)C[C@H]1O[C@@H](n2cnc3c(N)ncnc32)[C@H](O)[C@@H]1O,CC(C)c1[nH]c(Cl)c(Cl)c1C=C1OC(=O)CC1=O.Nc1ncnc2c1ncn2[C@@H]1O[C@H](CSCC[C@H](N)C(=O)O)[C@@H](O)[C@H]1O,CCc1[nH]c(Cl)c(Cl)c1C=C1OC(=O)CC1=O.C[S+](CC[C@H](N)C(=O)O)C[C@H]1O[C@@H](n2cnc3c(N)ncnc32)[C@H](O)[C@@H]1O >> CC(C)c1[nH]c(Cl)c(Cl)c1C=C1OC(=O)CC1=O.Nc1ncnc2c1ncn2[C@@H]1O[C@H](CSCC[C@H](N)C(=O)O)[C@@H](O)[C@H]1O,rule0043_12,CCc1[nH]c(Cl)c(Cl)c1C=C1OC(=O)CC1=O.C[S+](CC[C@H](N)C(=O)O)C[C@H]1O[C@@H](n2cnc3c(N)ncnc32)[C@H](O)[C@@H]1O>>CC(C)c1[nH]c(Cl)c(Cl)c1C=C1OC(=O)CC1=O.Nc1ncnc2c1ncn2[C@@H]1O[C@H](CSCC[C@H](N)C(=O)O)[C@@H](O)[C@H]1O,0.7809,1,0.9554442,1,0.049594574,0,0.013413254,0
O=C1OC(=Cc2c[nH]c(Cl)c2Cl)C(O)[C@@H]1CCO,C[C@@H]1C(=O)OC(=C(CO)c2c[nH]c(Cl)c2Cl)C1O,O=C1OC(=Cc2c[nH]c(Cl)c2Cl)C(O)[C@@H]1CCO >> C[C@@H]1C(=O)OC(=C(CO)c2c[nH]c(Cl)c2Cl)C1O,rule0028_50,O=C1OC(=Cc2c[nH]c(Cl)c2Cl)C(O)[C@@H]1CCO>>C[C@@H]1C(=O)OC(=C(CO)c2c[nH]c(Cl)c2Cl)C1O,0.040867597,0,0.07374454,0,0.5625916,0,0.44401896,0
NC(=O)C1=CN([C@@H]2O[C@H](COP(=O)(O)OP(=O)(O)OC[C@H]3O[C@@H](n4cnc5c(N)ncnc54)[C@H](OP(=O)(O)O)[C@@H]3O)[C@@H](O)[C@H]2O)C=CC1.O=C1OC(=Cc2c[nH]c(Cl)c2Cl)C(O)[C@@H]1CCO.O=O,NC(=O)c1ccc[n+]([C@@H]2O[C@H](COP(=O)(O)OP(=O)(O)OC[C@H]3O[C@@H](n4cnc5c(N)ncnc54)[C@H](OP(=O)(O)O)[C@@H]3O)[C@@H](O)[C@H]2O)c1.O.O=C1OC(=Cc2c[nH]c(Cl)c2Cl)C(O)[C@@H]1C(O)CO,NC(=O)C1=CN([C@@H]2O[C@H](COP(=O)(O)OP(=O)(O)OC[C@H]3O[C@@H](n4cnc5c(N)ncnc54)[C@H](OP(=O)(O)O)[C@@H]3O)[C@@H](O)[C@H]2O)C=CC1.O=C1OC(=Cc2c[nH]c(Cl)c2Cl)C(O)[C@@H]1CCO.O=O >> NC(=O)c1ccc[n+]([C@@H]2O[C@H](COP(=O)(O)OP(=O)(O)OC[C@H]3O[C@@H](n4cnc5c(N)ncnc54)[C@H](OP(=O)(O)O)[C@@H]3O)[C@@H](O)[C@H]2O)c1.O.O=C1OC(=Cc2c[nH]c(Cl)c2Cl)C(O)[C@@H]1C(O)CO,rule0004_13,NC(=O)C1=CN([C@@H]2O[C@H](COP(=O)(O)OP(=O)(O)OC[C@H]3O[C@@H](n4cnc5c(N)ncnc54)[C@H](OP(=O)(O)O)[C@@H]3O)[C@@H](O)[C@H]2O)C=CC1.O=C1OC(=Cc2c[nH]c(Cl)c2Cl)C(O)[C@@H]1CCO.O=O>>NC(=O)c1ccc[n+]([C@@H]2O[C@H](COP(=O)(O)OP(=O)(O)OC[C@H]3O[C@@H](n4cnc5c(N)ncnc54)[C@H](OP(=O)(O)O)[C@@H]3O)[C@@H](O)[C@H]2O)c1.O.O=C1OC(=Cc2c[nH]c(Cl)c2Cl)C(O)[C@@H]1C(O)CO,0.01627834,0,0.047117982,0,0.21996756,0,0.024778528,0
NC(=O)c1ccc[n+]([C@@H]2O[C@H](COP(=O)(O)OP(=O)(O)OC[C@H]3O[C@@H](n4cnc5c(N)ncnc54)[C@H](OP(=O)(O)O)[C@@H]3O)[C@@H](O)[C@H]2O)c1.O.O=C(O)CC[C@@H]1C(=O)OC(=Cc2c[nH]c(Cl)c2Cl)C1=O,NC(=O)C1=CN([C@@H]2O[C@H](COP(=O)(O)OP(=O)(O)OC[C@H]3O[C@@H](n4cnc5c(N)ncnc54)[C@H](OP(=O)(O)O)[C@@H]3O)[C@@H](O)[C@H]2O)C=CC1.O=CCC[C@@H]1C(=O)OC(=Cc2c[nH]c(Cl)c2Cl)C1=O.O=O,NC(=O)c1ccc[n+]([C@@H]2O[C@H](COP(=O)(O)OP(=O)(O)OC[C@H]3O[C@@H](n4cnc5c(N)ncnc54)[C@H](OP(=O)(O)O)[C@@H]3O)[C@@H](O)[C@H]2O)c1.O.O=C(O)CC[C@@H]1C(=O)OC(=Cc2c[nH]c(Cl)c2Cl)C1=O >> NC(=O)C1=CN([C@@H]2O[C@H](COP(=O)(O)OP(=O)(O)OC[C@H]3O[C@@H](n4cnc5c(N)ncnc54)[C@H](OP(=O)(O)O)[C@@H]3O)[C@@H](O)[C@H]2O)C=CC1.O=CCC[C@@H]1C(=O)OC(=Cc2c[nH]c(Cl)c2Cl)C1=O.O=O,rule0005_60,NC(=O)c1ccc[n+]([C@@H]2O[C@H](COP(=O)(O)OP(=O)(O)OC[C@H]3O[C@@H](n4cnc5c(N)ncnc54)[C@H](OP(=O)(O)O)[C@@H]3O)[C@@H](O)[C@H]2O)c1.O.O=C(O)CC[C@@H]1C(=O)OC(=Cc2c[nH]c(Cl)c2Cl)C1=O>>NC(=O)C1=CN([C@@H]2O[C@H](COP(=O)(O)OP(=O)(O)OC[C@H]3O[C@@H](n4cnc5c(N)ncnc54)[C@H](OP(=O)(O)O)[C@@H]3O)[C@@H](O)[C@H]2O)C=CC1.O=CCC[C@@H]1C(=O)OC(=Cc2c[nH]c(Cl)c2Cl)C1=O.O=O,7.473144e-07,0,1.0498237e-07,0,2.995098e-06,0,9.6202355e-05,0
CC[C@@H]1C(=O)OC(=C(C)c2c[nH]c(Cl)c2Cl)C1=O.O,CC(=C1OC(O)[C@@H](C(C)O)C1=O)c1c[nH]c(Cl)c1Cl,CC[C@@H]1C(=O)OC(=C(C)c2c[nH]c(Cl)c2Cl)C1=O.O >> CC(=C1OC(O)[C@@H](C(C)O)C1=O)c1c[nH]c(Cl)c1Cl,rule0070_6,CC[C@@H]1C(=O)OC(=C(C)c2c[nH]c(Cl)c2Cl)C1=O.O>>CC(=C1OC(O)[C@@H](C(C)O)C1=O)c1c[nH]c(Cl)c1Cl,0.1007742,0,0.0022279655,0,0.073221974,0,0.0048222058,0
CC(O)[C@@H]1C(=O)OC(=Cc2c[nH]c(Cl)c2Cl)C1O,CC(O)c1[nH]c(Cl)c(Cl)c1C=C1OC(=O)CC1O,CC(O)[C@@H]1C(=O)OC(=Cc2c[nH]c(Cl)c2Cl)C1O >> CC(O)c1[nH]c(Cl)c(Cl)c1C=C1OC(=O)CC1O,rule0028_50,CC(O)[C@@H]1C(=O)OC(=Cc2c[nH]c(Cl)c2Cl)C1O>>CC(O)c1[nH]c(Cl)c(Cl)c1C=C1OC(=O)CC1O,0.15348192,0,0.10719685,0,0.24922149,0,0.07413037,0
CC[C@@H]1C(=O)OC(=Cc2c(C)[nH]c(Cl)c2Cl)C1=O,CCC(=C1OC(=O)CC1=O)c1c(C)[nH]c(Cl)c1Cl,CC[C@@H]1C(=O)OC(=Cc2c(C)[nH]c(Cl)c2Cl)C1=O >> CCC(=C1OC(=O)CC1=O)c1c(C)[nH]c(Cl)c1Cl,rule0028_51,CC[C@@H]1C(=O)OC(=Cc2c(C)[nH]c(Cl)c2Cl)C1=O>>CCC(=C1OC(=O)CC1=O)c1c(C)[nH]c(Cl)c1Cl,0.8072588,1,0.22331022,0,0.8641415,1,0.31794992,0
CC(O)[C@@H]1C(=O)OC(=Cc2c[nH]c(Cl)c2Cl)C1O.CC(O)[C@@H]1C(=O)OC(=Cc2c[nH]c(Cl)c2Cl)C1O,CC(O)[C@@H]1C(=O)OC(=Cc2c[nH]c(Cl)c2Cl)C1(C)O.O=C1OC(=Cc2c[nH]c(Cl)c2Cl)C(O)[C@@H]1CO,CC(O)[C@@H]1C(=O)OC(=Cc2c[nH]c(Cl)c2Cl)C1O.CC(O)[C@@H]1C(=O)OC(=Cc2c[nH]c(Cl)c2Cl)C1O >> CC(O)[C@@H]1C(=O)OC(=Cc2c[nH]c(Cl)c2Cl)C1(C)O.O=C1OC(=Cc2c[nH]c(Cl)c2Cl)C(O)[C@@H]1CO,rule0126_2,CC(O)[C@@H]1C(=O)OC(=Cc2c[nH]c(Cl)c2Cl)C1O.CC(O)[C@@H]1C(=O)OC(=Cc2c[nH]c(Cl)c2Cl)C1O>>CC(O)[C@@H]1C(=O)OC(=Cc2c[nH]c(Cl)c2Cl)C1(C)O.O=C1OC(=Cc2c[nH]c(Cl)c2Cl)C(O)[C@@H]1CO,0.06811942,0,0.013877939,0,0.002284511,0,0.006045622,0
O=C1C(=Cc2c[nH]c(Cl)c2Cl)OC(O)[C@H]1CCO,O=C1CC(O)OC1=Cc1c(CCO)[nH]c(Cl)c1Cl,O=C1C(=Cc2c[nH]c(Cl)c2Cl)OC(O)[C@H]1CCO >> O=C1CC(O)OC1=Cc1c(CCO)[nH]c(Cl)c1Cl,rule0028_51,O=C1C(=Cc2c[nH]c(Cl)c2Cl)OC(O)[C@H]1CCO>>O=C1CC(O)OC1=Cc1c(CCO)[nH]c(Cl)c1Cl,0.009772421,0,0.01938973,0,0.5626922,0,0.3129302,0
CC(O)[C@H]1C(=O)C(=Cc2c[nH]c(Cl)c2Cl)OC1O.NC(=O)C1=CN([C@@H]2O[C@H](COP(=O)(O)OP(=O)(O)OC[C@H]3O[C@@H](n4cnc5c(N)ncnc54)[C@H](OP(=O)(O)O)[C@@H]3O)[C@@H](O)[C@H]2O)C=CC1.O=O,CC(O)(O)[C@H]1C(=O)C(=Cc2c[nH]c(Cl)c2Cl)OC1O.NC(=O)c1ccc[n+]([C@@H]2O[C@H](COP(=O)(O)OP(=O)(O)OC[C@H]3O[C@@H](n4cnc5c(N)ncnc54)[C@H](OP(=O)(O)O)[C@@H]3O)[C@@H](O)[C@H]2O)c1.O,CC(O)[C@H]1C(=O)C(=Cc2c[nH]c(Cl)c2Cl)OC1O.NC(=O)C1=CN([C@@H]2O[C@H](COP(=O)(O)OP(=O)(O)OC[C@H]3O[C@@H](n4cnc5c(N)ncnc54)[C@H](OP(=O)(O)O)[C@@H]3O)[C@@H](O)[C@H]2O)C=CC1.O=O >> CC(O)(O)[C@H]1C(=O)C(=Cc2c[nH]c(Cl)c2Cl)OC1O.NC(=O)c1ccc[n+]([C@@H]2O[C@H](COP(=O)(O)OP(=O)(O)OC[C@H]3O[C@@H](n4cnc5c(N)ncnc54)[C@H](OP(=O)(O)O)[C@@H]3O)[C@@H](O)[C@H]2O)c1.O,rule0004_13,CC(O)[C@H]1C(=O)C(=Cc2c[nH]c(Cl)c2Cl)OC1O.NC(=O)C1=CN([C@@H]2O[C@H](COP(=O)(O)OP(=O)(O)OC[C@H]3O[C@@H](n4cnc5c(N)ncnc54)[C@H](OP(=O)(O)O)[C@@H]3O)[C@@H](O)[C@H]2O)C=CC1.O=O>>CC(O)(O)[C@H]1C(=O)C(=Cc2c[nH]c(Cl)c2Cl)OC1O.NC(=O)c1ccc[n+]([C@@H]2O[C@H](COP(=O)(O)OP(=O)(O)OC[C@H]3O[C@@H](n4cnc5c(N)ncnc54)[C@H](OP(=O)(O)O)[C@@H]3O)[C@@H](O)[C@H]2O)c1.O,0.0016087099,0,0.9005954,1,0.035345856,0,0.020384226,0
O=C1OC(=Cc2c[nH]c(Cl)c2Cl)C(=O)[C@@H]1CCO,C[C@@H]1C(=O)OC(=Cc2c(CO)[nH]c(Cl)c2Cl)C1=O,O=C1OC(=Cc2c[nH]c(Cl)c2Cl)C(=O)[C@@H]1CCO >> C[C@@H]1C(=O)OC(=Cc2c(CO)[nH]c(Cl)c2Cl)C1=O,rule0028_50,O=C1OC(=Cc2c[nH]c(Cl)c2Cl)C(=O)[C@@H]1CCO>>C[C@@H]1C(=O)OC(=Cc2c(CO)[nH]c(Cl)c2Cl)C1=O,0.0010621612,0,0.008993831,0,0.1281952,0,0.23071076,0
CC(O)[C@@H]1C(=O)OC(=Cc2c[nH]c(Cl)c2Cl)C1O.C[S+](CC[C@H](N)C(=O)O)C[C@H]1O[C@@H](n2cnc3c(N)ncnc32)[C@H](O)[C@@H]1O,COC1C(=Cc2c[nH]c(Cl)c2Cl)OC(=O)[C@H]1C(C)O.Nc1ncnc2c1ncn2[C@@H]1O[C@H](CSCC[C@H](N)C(=O)O)[C@@H](O)[C@H]1O,CC(O)[C@@H]1C(=O)OC(=Cc2c[nH]c(Cl)c2Cl)C1O.C[S+](CC[C@H](N)C(=O)O)C[C@H]1O[C@@H](n2cnc3c(N)ncnc32)[C@H](O)[C@@H]1O >> COC1C(=Cc2c[nH]c(Cl)c2Cl)OC(=O)[C@H]1C(C)O.Nc1ncnc2c1ncn2[C@@H]1O[C@H](CSCC[C@H](N)C(=O)O)[C@@H](O)[C@H]1O,rule0011_51,CC(O)[C@@H]1C(=O)OC(=Cc2c[nH]c(Cl)c2Cl)C1O.C[S+](CC[C@H](N)C(=O)O)C[C@H]1O[C@@H](n2cnc3c(N)ncnc32)[C@H](O)[C@@H]1O>>COC1C(=Cc2c[nH]c(Cl)c2Cl)OC(=O)[C@H]1C(C)O.Nc1ncnc2c1ncn2[C@@H]1O[C@H](CSCC[C@H](N)C(=O)O)[C@@H](O)[C@H]1O,0.7403808,1,0.7665692,1,0.6707362,1,0.22089975,0
CC(O)[C@H]1C(=O)C(=Cc2c[nH]c(Cl)c2Cl)OC1O.O,CC(O)(O)[C@@H]1C(O)OC(=Cc2c[nH]c(Cl)c2Cl)C1O,CC(O)[C@H]1C(=O)C(=Cc2c[nH]c(Cl)c2Cl)OC1O.O >> CC(O)(O)[C@@H]1C(O)OC(=Cc2c[nH]c(Cl)c2Cl)C1O,rule0070_6,CC(O)[C@H]1C(=O)C(=Cc2c[nH]c(Cl)c2Cl)OC1O.O>>CC(O)(O)[C@@H]1C(O)OC(=Cc2c[nH]c(Cl)c2Cl)C1O,0.050018918,0,0.4294767,0,0.19740121,0,0.10255852,0
CC[C@@H]1C(=O)OC(=Cc2c[nH]c(Cl)c2Cl)C1=O.CC[C@@H]1C(=O)OC(=Cc2c[nH]c(Cl)c2Cl)C1=O,CCC[C@@H]1C(=O)OC(=Cc2c[nH]c(Cl)c2Cl)C1=O.C[C@@H]1C(=O)OC(=Cc2c[nH]c(Cl)c2Cl)C1=O,CC[C@@H]1C(=O)OC(=Cc2c[nH]c(Cl)c2Cl)C1=O.CC[C@@H]1C(=O)OC(=Cc2c[nH]c(Cl)c2Cl)C1=O >> CCC[C@@H]1C(=O)OC(=Cc2c[nH]c(Cl)c2Cl)C1=O.C[C@@H]1C(=O)OC(=Cc2c[nH]c(Cl)c2Cl)C1=O,rule0126_2,CC[C@@H]1C(=O)OC(=Cc2c[nH]c(Cl)c2Cl)C1=O.CC[C@@H]1C(=O)OC(=Cc2c[nH]c(Cl)c2Cl)C1=O>>CCC[C@@H]1C(=O)OC(=Cc2c[nH]c(Cl)c2Cl)C1=O.C[C@@H]1C(=O)OC(=Cc2c[nH]c(Cl)c2Cl)C1=O,0.00263998,0,0.00061331637,0,0.0014826512,0,0.006487704,0
CC(O)[C@@H]1C(=O)OC(=Cc2c[nH]c(Cl)c2Cl)C1O,C.O=C[C@@H]1C(=O)OC(=Cc2c[nH]c(Cl)c2Cl)C1O,CC(O)[C@@H]1C(=O)OC(=Cc2c[nH]c(Cl)c2Cl)C1O >> C.O=C[C@@H]1C(=O)OC(=Cc2c[nH]c(Cl)c2Cl)C1O,rule0053_20,CC(O)[C@@H]1C(=O)OC(=Cc2c[nH]c(Cl)c2Cl)C1O>>C.O=C[C@@H]1C(=O)OC(=Cc2c[nH]c(Cl)c2Cl)C1O,0.012805762,0,0.50975454,0,0.038501285,0,0.12844908,0
NC(=O)c1ccc[n+]([C@@H]2O[C@H](COP(=O)(O)OP(=O)(O)OC[C@H]3O[C@@H](n4cnc5c(N)ncnc54)[C@H](OP(=O)(O)O)[C@@H]3O)[C@@H](O)[C@H]2O)c1.O.O=C1C(=Cc2c[nH]c(Cl)c2Cl)OC(O)[C@H]1CCO,CC[C@H]1C(=O)C(=Cc2c[nH]c(Cl)c2Cl)OC1O.NC(=O)C1=CN([C@@H]2O[C@H](COP(=O)(O)OP(=O)(O)OC[C@H]3O[C@@H](n4cnc5c(N)ncnc54)[C@H](OP(=O)(O)O)[C@@H]3O)[C@@H](O)[C@H]2O)C=CC1.O=O,NC(=O)c1ccc[n+]([C@@H]2O[C@H](COP(=O)(O)OP(=O)(O)OC[C@H]3O[C@@H](n4cnc5c(N)ncnc54)[C@H](OP(=O)(O)O)[C@@H]3O)[C@@H](O)[C@H]2O)c1.O.O=C1C(=Cc2c[nH]c(Cl)c2Cl)OC(O)[C@H]1CCO >> CC[C@H]1C(=O)C(=Cc2c[nH]c(Cl)c2Cl)OC1O.NC(=O)C1=CN([C@@H]2O[C@H](COP(=O)(O)OP(=O)(O)OC[C@H]3O[C@@H](n4cnc5c(N)ncnc54)[C@H](OP(=O)(O)O)[C@@H]3O)[C@@H](O)[C@H]2O)C=CC1.O=O,rule0005_61,NC(=O)c1ccc[n+]([C@@H]2O[C@H](COP(=O)(O)OP(=O)(O)OC[C@H]3O[C@@H](n4cnc5c(N)ncnc54)[C@H](OP(=O)(O)O)[C@@H]3O)[C@@H](O)[C@H]2O)c1.O.O=C1C(=Cc2c[nH]c(Cl)c2Cl)OC(O)[C@H]1CCO>>CC[C@H]1C(=O)C(=Cc2c[nH]c(Cl)c2Cl)OC1O.NC(=O)C1=CN([C@@H]2O[C@H](COP(=O)(O)OP(=O)(O)OC[C@H]3O[C@@H](n4cnc5c(N)ncnc54)[C@H](OP(=O)(O)O)[C@@H]3O)[C@@H](O)[C@H]2O)C=CC1.O=O,2.320637e-05,0,0.00016761407,0,0.0034843613,0,0.001069055,0
O=C1OC(=Cc2c[nH]c(Cl)c2Cl)C(O)[C@@H]1CCO.O=C1OC(=Cc2c[nH]c(Cl)c2Cl)C(O)[C@@H]1CCO,C[C@@H]1C(=O)OC(=Cc2c[nH]c(Cl)c2Cl)C1O.O=C1OC(=Cc2c[nH]c(Cl)c2Cl)C(O)(CO)[C@@H]1CCO,O=C1OC(=Cc2c[nH]c(Cl)c2Cl)C(O)[C@@H]1CCO.O=C1OC(=Cc2c[nH]c(Cl)c2Cl)C(O)[C@@H]1CCO >> C[C@@H]1C(=O)OC(=Cc2c[nH]c(Cl)c2Cl)C1O.O=C1OC(=Cc2c[nH]c(Cl)c2Cl)C(O)(CO)[C@@H]1CCO,rule0126_2,O=C1OC(=Cc2c[nH]c(Cl)c2Cl)C(O)[C@@H]1CCO.O=C1OC(=Cc2c[nH]c(Cl)c2Cl)C(O)[C@@H]1CCO>>C[C@@H]1C(=O)OC(=Cc2c[nH]c(Cl)c2Cl)C1O.O=C1OC(=Cc2c[nH]c(Cl)c2Cl)C(O)(CO)[C@@H]1CCO,0.06845523,0,0.0026473538,0,0.004480934,0,0.100490496,0
O=C1OC(=Cc2c[nH]c(Cl)c2Cl)C(O)[C@@H]1CCO,O=C1CC(O)C(=Cc2c(CCO)[nH]c(Cl)c2Cl)O1,O=C1OC(=Cc2c[nH]c(Cl)c2Cl)C(O)[C@@H]1CCO >> O=C1CC(O)C(=Cc2c(CCO)[nH]c(Cl)c2Cl)O1,rule0028_51,O=C1OC(=Cc2c[nH]c(Cl)c2Cl)C(O)[C@@H]1CCO>>O=C1CC(O)C(=Cc2c(CCO)[nH]c(Cl)c2Cl)O1,0.04005293,0,0.007219047,0,0.71613866,1,0.14120868,0
CC[C@H](C(=O)O)C(=O)C(O)=Cc1c[nH]c(Cl)c1Cl.NC(=O)C1=CN([C@@H]2O[C@H](COP(=O)(O)OP(=O)(O)OC[C@H]3O[C@@H](n4cnc5c(N)ncnc54)[C@H](OP(=O)(O)O)[C@@H]3O)[C@@H](O)[C@H]2O)C=CC1.O=O,CC[C@H](C(=O)O)C(=O)OC(O)=Cc1c[nH]c(Cl)c1Cl.NC(=O)c1ccc[n+]([C@@H]2O[C@H](COP(=O)(O)OP(=O)(O)OC[C@H]3O[C@@H](n4cnc5c(N)ncnc54)[C@H](OP(=O)(O)O)[C@@H]3O)[C@@H](O)[C@H]2O)c1.O,CC[C@H](C(=O)O)C(=O)C(O)=Cc1c[nH]c(Cl)c1Cl.NC(=O)C1=CN([C@@H]2O[C@H](COP(=O)(O)OP(=O)(O)OC[C@H]3O[C@@H](n4cnc5c(N)ncnc54)[C@H](OP(=O)(O)O)[C@@H]3O)[C@@H](O)[C@H]2O)C=CC1.O=O >> CC[C@H](C(=O)O)C(=O)OC(O)=Cc1c[nH]c(Cl)c1Cl.NC(=O)c1ccc[n+]([C@@H]2O[C@H](COP(=O)(O)OP(=O)(O)OC[C@H]3O[C@@H](n4cnc5c(N)ncnc54)[C@H](OP(=O)(O)O)[C@@H]3O)[C@@H](O)[C@H]2O)c1.O,rule0083_11,CC[C@H](C(=O)O)C(=O)C(O)=Cc1c[nH]c(Cl)c1Cl.NC(=O)C1=CN([C@@H]2O[C@H](COP(=O)(O)OP(=O)(O)OC[C@H]3O[C@@H](n4cnc5c(N)ncnc54)[C@H](OP(=O)(O)O)[C@@H]3O)[C@@H](O)[C@H]2O)C=CC1.O=O>>CC[C@H](C(=O)O)C(=O)OC(O)=Cc1c[nH]c(Cl)c1Cl.NC(=O)c1ccc[n+]([C@@H]2O[C@H](COP(=O)(O)OP(=O)(O)OC[C@H]3O[C@@H](n4cnc5c(N)ncnc54)[C@H](OP(=O)(O)O)[C@@H]3O)[C@@H](O)[C@H]2O)c1.O,0.420227,0,0.74235684,1,0.51762176,0,0.15547532,0
O=C1OC(=Cc2c[nH]c(Cl)c2Cl)C(=O)[C@@H]1CCO.O=C1OC(=Cc2c[nH]c(Cl)c2Cl)C(=O)[C@@H]1CCO,C[C@@H]1C(=O)OC(=Cc2c[nH]c(Cl)c2Cl)C1=O.O=C1OC(=Cc2c[nH]c(Cl)c2Cl)C(=O)[C@@H]1CC(O)CO,O=C1OC(=Cc2c[nH]c(Cl)c2Cl)C(=O)[C@@H]1CCO.O=C1OC(=Cc2c[nH]c(Cl)c2Cl)C(=O)[C@@H]1CCO >> C[C@@H]1C(=O)OC(=Cc2c[nH]c(Cl)c2Cl)C1=O.O=C1OC(=Cc2c[nH]c(Cl)c2Cl)C(=O)[C@@H]1CC(O)CO,rule0126_2,O=C1OC(=Cc2c[nH]c(Cl)c2Cl)C(=O)[C@@H]1CCO.O=C1OC(=Cc2c[nH]c(Cl)c2Cl)C(=O)[C@@H]1CCO>>C[C@@H]1C(=O)OC(=Cc2c[nH]c(Cl)c2Cl)C1=O.O=C1OC(=Cc2c[nH]c(Cl)c2Cl)C(=O)[C@@H]1CC(O)CO,0.005492949,0,0.0068322686,0,0.015243424,0,0.40646726,0
CC[C@@H]1C(=O)OC(=Cc2c[nH]c(Cl)c2Cl)C1=O.C[S+](CC[C@H](N)C(=O)O)C[C@H]1O[C@@H](n2cnc3c(N)ncnc32)[C@H](O)[C@@H]1O,CCC[C@@H]1C(=O)OC(=Cc2c[nH]c(Cl)c2Cl)C1=O.Nc1ncnc2c1ncn2[C@@H]1O[C@H](CSCC[C@H](N)C(=O)O)[C@@H](O)[C@H]1O,CC[C@@H]1C(=O)OC(=Cc2c[nH]c(Cl)c2Cl)C1=O.C[S+](CC[C@H](N)C(=O)O)C[C@H]1O[C@@H](n2cnc3c(N)ncnc32)[C@H](O)[C@@H]1O >> CCC[C@@H]1C(=O)OC(=Cc2c[nH]c(Cl)c2Cl)C1=O.Nc1ncnc2c1ncn2[C@@H]1O[C@H](CSCC[C@H](N)C(=O)O)[C@@H](O)[C@H]1O,rule0043_12,CC[C@@H]1C(=O)OC(=Cc2c[nH]c(Cl)c2Cl)C1=O.C[S+](CC[C@H](N)C(=O)O)C[C@H]1O[C@@H](n2cnc3c(N)ncnc32)[C@H](O)[C@@H]1O>>CCC[C@@H]1C(=O)OC(=Cc2c[nH]c(Cl)c2Cl)C1=O.Nc1ncnc2c1ncn2[C@@H]1O[C@H](CSCC[C@H](N)C(=O)O)[C@@H](O)[C@H]1O,0.69365096,1,0.8954316,1,0.0753617,0,0.014708264,0
CC[C@H](C(=O)O)C(=O)C(O)=Cc1c[nH]c(Cl)c1Cl.O,O=C(O)[C@@H](CCO)C(O)C(O)=Cc1c[nH]c(Cl)c1Cl,CC[C@H](C(=O)O)C(=O)C(O)=Cc1c[nH]c(Cl)c1Cl.O >> O=C(O)[C@@H](CCO)C(O)C(O)=Cc1c[nH]c(Cl)c1Cl,rule0070_6,CC[C@H](C(=O)O)C(=O)C(O)=Cc1c[nH]c(Cl)c1Cl.O>>O=C(O)[C@@H](CCO)C(O)C(O)=Cc1c[nH]c(Cl)c1Cl,0.05402307,0,0.015481341,0,0.17345066,0,0.13848779,0
CC[C@H](C(=O)O)C(=O)C(O)=Cc1c[nH]c(Cl)c1Cl.NC(=O)C1=CN([C@@H]2O[C@H](COP(=O)(O)OP(=O)(O)OC[C@H]3O[C@@H](n4cnc5c(N)ncnc54)[C@H](OP(=O)(O)O)[C@@H]3O)[C@@H](O)[C@H]2O)C=CC1,CC[C@H](C(=O)O)C(O)C(O)=Cc1c[nH]c(Cl)c1Cl.NC(=O)c1ccc[n+]([C@@H]2O[C@H](COP(=O)(O)OP(=O)(O)OC[C@H]3O[C@@H](n4cnc5c(N)ncnc54)[C@H](OP(=O)(O)O)[C@@H]3O)[C@@H](O)[C@H]2O)c1,CC[C@H](C(=O)O)C(=O)C(O)=Cc1c[nH]c(Cl)c1Cl.NC(=O)C1=CN([C@@H]2O[C@H](COP(=O)(O)OP(=O)(O)OC[C@H]3O[C@@H](n4cnc5c(N)ncnc54)[C@H](OP(=O)(O)O)[C@@H]3O)[C@@H](O)[C@H]2O)C=CC1 >> CC[C@H](C(=O)O)C(O)C(O)=Cc1c[nH]c(Cl)c1Cl.NC(=O)c1ccc[n+]([C@@H]2O[C@H](COP(=O)(O)OP(=O)(O)OC[C@H]3O[C@@H](n4cnc5c(N)ncnc54)[C@H](OP(=O)(O)O)[C@@H]3O)[C@@H](O)[C@H]2O)c1,rule0003_137,CC[C@H](C(=O)O)C(=O)C(O)=Cc1c[nH]c(Cl)c1Cl.NC(=O)C1=CN([C@@H]2O[C@H](COP(=O)(O)OP(=O)(O)OC[C@H]3O[C@@H](n4cnc5c(N)ncnc54)[C@H](OP(=O)(O)O)[C@@H]3O)[C@@H](O)[C@H]2O)C=CC1>>CC[C@H](C(=O)O)C(O)C(O)=Cc1c[nH]c(Cl)c1Cl.NC(=O)c1ccc[n+]([C@@H]2O[C@H](COP(=O)(O)OP(=O)(O)OC[C@H]3O[C@@H](n4cnc5c(N)ncnc54)[C@H](OP(=O)(O)O)[C@@H]3O)[C@@H](O)[C@H]2O)c1,0.76971805,1,0.9647454,1,0.75162673,1,0.9086596,1
CCC[C@@H]1C(=O)OC(=Cc2c[nH]c(Cl)c2Cl)C1=O.NC(=O)C1=CN([C@@H]2O[C@H](COP(=O)(O)OP(=O)(O)OC[C@H]3O[C@@H](n4cnc5c(N)ncnc54)[C@H](OP(=O)(O)O)[C@@H]3O)[C@@H](O)[C@H]2O)C=CC1.O=O,CCC(O)[C@@H]1C(=O)OC(=Cc2c[nH]c(Cl)c2Cl)C1=O.NC(=O)c1ccc[n+]([C@@H]2O[C@H](COP(=O)(O)OP(=O)(O)OC[C@H]3O[C@@H](n4cnc5c(N)ncnc54)[C@H](OP(=O)(O)O)[C@@H]3O)[C@@H](O)[C@H]2O)c1.O,CCC[C@@H]1C(=O)OC(=Cc2c[nH]c(Cl)c2Cl)C1=O.NC(=O)C1=CN([C@@H]2O[C@H](COP(=O)(O)OP(=O)(O)OC[C@H]3O[C@@H](n4cnc5c(N)ncnc54)[C@H](OP(=O)(O)O)[C@@H]3O)[C@@H](O)[C@H]2O)C=CC1.O=O >> CCC(O)[C@@H]1C(=O)OC(=Cc2c[nH]c(Cl)c2Cl)C1=O.NC(=O)c1ccc[n+]([C@@H]2O[C@H](COP(=O)(O)OP(=O)(O)OC[C@H]3O[C@@H](n4cnc5c(N)ncnc54)[C@H](OP(=O)(O)O)[C@@H]3O)[C@@H](O)[C@H]2O)c1.O,rule0004_13,CCC[C@@H]1C(=O)OC(=Cc2c[nH]c(Cl)c2Cl)C1=O.NC(=O)C1=CN([C@@H]2O[C@H](COP(=O)(O)OP(=O)(O)OC[C@H]3O[C@@H](n4cnc5c(N)ncnc54)[C@H](OP(=O)(O)O)[C@@H]3O)[C@@H](O)[C@H]2O)C=CC1.O=O>>CCC(O)[C@@H]1C(=O)OC(=Cc2c[nH]c(Cl)c2Cl)C1=O.NC(=O)c1ccc[n+]([C@@H]2O[C@H](COP(=O)(O)OP(=O)(O)OC[C@H]3O[C@@H](n4cnc5c(N)ncnc54)[C@H](OP(=O)(O)O)[C@@H]3O)[C@@H](O)[C@H]2O)c1.O,0.0030004391,0,0.06820961,0,0.033888422,0,0.12901624,0
CCC(=C1OC(=O)CC1=O)c1c[nH]c(Cl)c1Cl.O=C=O,CC(C(=O)O)C(=C1OC(=O)CC1=O)c1c[nH]c(Cl)c1Cl,CCC(=C1OC(=O)CC1=O)c1c[nH]c(Cl)c1Cl.O=C=O >> CC(C(=O)O)C(=C1OC(=O)CC1=O)c1c[nH]c(Cl)c1Cl,rule0023_20,CCC(=C1OC(=O)CC1=O)c1c[nH]c(Cl)c1Cl.O=C=O>>CC(C(=O)O)C(=C1OC(=O)CC1=O)c1c[nH]c(Cl)c1Cl,0.0015446042,0,0.014735619,0,0.04345238,0,0.030588157,0
CC[C@@H]1C(=O)OC(=C(C)c2c[nH]c(Cl)c2Cl)C1=O.O,CC[C@@H]1C(=O)OC(O)(C(C)c2c[nH]c(Cl)c2Cl)C1=O,CC[C@@H]1C(=O)OC(=C(C)c2c[nH]c(Cl)c2Cl)C1=O.O >> CC[C@@H]1C(=O)OC(O)(C(C)c2c[nH]c(Cl)c2Cl)C1=O,rule0020_19,CC[C@@H]1C(=O)OC(=C(C)c2c[nH]c(Cl)c2Cl)C1=O.O>>CC[C@@H]1C(=O)OC(O)(C(C)c2c[nH]c(Cl)c2Cl)C1=O,0.008274501,0,0.09644789,0,0.26506674,0,0.0064109643,0
O=C(O)CC[C@@H]1C(=O)OC(=Cc2c[nH]c(Cl)c2Cl)C1=O,CC(C(=O)O)[C@@H]1C(=O)OC(=Cc2c[nH]c(Cl)c2Cl)C1=O,O=C(O)CC[C@@H]1C(=O)OC(=Cc2c[nH]c(Cl)c2Cl)C1=O >> CC(C(=O)O)[C@@H]1C(=O)OC(=Cc2c[nH]c(Cl)c2Cl)C1=O,rule0028_46,O=C(O)CC[C@@H]1C(=O)OC(=Cc2c[nH]c(Cl)c2Cl)C1=O>>CC(C(=O)O)[C@@H]1C(=O)OC(=Cc2c[nH]c(Cl)c2Cl)C1=O,0.0010195349,0,0.004534618,0,0.24745375,0,0.05115423,0
CCC[C@@H]1C(=O)OC(=Cc2c[nH]c(Cl)c2Cl)C1=O,CCC(=C1OC(=O)[C@@H](C)C1=O)c1c[nH]c(Cl)c1Cl,CCC[C@@H]1C(=O)OC(=Cc2c[nH]c(Cl)c2Cl)C1=O >> CCC(=C1OC(=O)[C@@H](C)C1=O)c1c[nH]c(Cl)c1Cl,rule0028_51,CCC[C@@H]1C(=O)OC(=Cc2c[nH]c(Cl)c2Cl)C1=O>>CCC(=C1OC(=O)[C@@H](C)C1=O)c1c[nH]c(Cl)c1Cl,0.11235428,0,0.112298235,0,0.90265405,1,0.2759732,0
NC(=O)C1=CN([C@@H]2O[C@H](COP(=O)(O)OP(=O)(O)OC[C@H]3O[C@@H](n4cnc5c(N)ncnc54)[C@H](OP(=O)(O)O)[C@@H]3O)[C@@H](O)[C@H]2O)C=CC1.O=C1OC(=Cc2c[nH]c(Cl)c2Cl)C(=O)[C@@H]1CCO.O=O,NC(=O)c1ccc[n+]([C@@H]2O[C@H](COP(=O)(O)OP(=O)(O)OC[C@H]3O[C@@H](n4cnc5c(N)ncnc54)[C@H](OP(=O)(O)O)[C@@H]3O)[C@@H](O)[C@H]2O)c1.O.O=C1OC(=Cc2c[nH]c(Cl)c2Cl)C(=O)[C@@H]1C(O)CO,NC(=O)C1=CN([C@@H]2O[C@H](COP(=O)(O)OP(=O)(O)OC[C@H]3O[C@@H](n4cnc5c(N)ncnc54)[C@H](OP(=O)(O)O)[C@@H]3O)[C@@H](O)[C@H]2O)C=CC1.O=C1OC(=Cc2c[nH]c(Cl)c2Cl)C(=O)[C@@H]1CCO.O=O >> NC(=O)c1ccc[n+]([C@@H]2O[C@H](COP(=O)(O)OP(=O)(O)OC[C@H]3O[C@@H](n4cnc5c(N)ncnc54)[C@H](OP(=O)(O)O)[C@@H]3O)[C@@H](O)[C@H]2O)c1.O.O=C1OC(=Cc2c[nH]c(Cl)c2Cl)C(=O)[C@@H]1C(O)CO,rule0004_13,NC(=O)C1=CN([C@@H]2O[C@H](COP(=O)(O)OP(=O)(O)OC[C@H]3O[C@@H](n4cnc5c(N)ncnc54)[C@H](OP(=O)(O)O)[C@@H]3O)[C@@H](O)[C@H]2O)C=CC1.O=C1OC(=Cc2c[nH]c(Cl)c2Cl)C(=O)[C@@H]1CCO.O=O>>NC(=O)c1ccc[n+]([C@@H]2O[C@H](COP(=O)(O)OP(=O)(O)OC[C@H]3O[C@@H](n4cnc5c(N)ncnc54)[C@H](OP(=O)(O)O)[C@@H]3O)[C@@H](O)[C@H]2O)c1.O.O=C1OC(=Cc2c[nH]c(Cl)c2Cl)C(=O)[C@@H]1C(O)CO,0.0008746106,0,0.08040743,0,0.038942873,0,0.06301828,0
O=C1C(=Cc2c[nH]c(Cl)c2Cl)OC(O)[C@H]1CCO.O=C1C(=Cc2c[nH]c(Cl)c2Cl)OC(O)[C@H]1CCO,C[C@H]1C(=O)C(=Cc2c[nH]c(Cl)c2Cl)OC1O.O=C1C(=Cc2c[nH]c(Cl)c2Cl)OC(O)(CO)[C@H]1CCO,O=C1C(=Cc2c[nH]c(Cl)c2Cl)OC(O)[C@H]1CCO.O=C1C(=Cc2c[nH]c(Cl)c2Cl)OC(O)[C@H]1CCO >> C[C@H]1C(=O)C(=Cc2c[nH]c(Cl)c2Cl)OC1O.O=C1C(=Cc2c[nH]c(Cl)c2Cl)OC(O)(CO)[C@H]1CCO,rule0126_2,O=C1C(=Cc2c[nH]c(Cl)c2Cl)OC(O)[C@H]1CCO.O=C1C(=Cc2c[nH]c(Cl)c2Cl)OC(O)[C@H]1CCO>>C[C@H]1C(=O)C(=Cc2c[nH]c(Cl)c2Cl)OC1O.O=C1C(=Cc2c[nH]c(Cl)c2Cl)OC(O)(CO)[C@H]1CCO,0.69445294,1,0.012980731,0,0.014336741,0,0.76339304,1
CC(O)[C@@H]1C(=O)OC(=Cc2c[nH]c(Cl)c2Cl)C1O.CC(O)[C@@H]1C(=O)OC(=Cc2c[nH]c(Cl)c2Cl)C1O,Cc1[nH]c(Cl)c(Cl)c1C=C1OC(=O)[C@@H](C(C)O)C1O.O=C1OC(=Cc2c[nH]c(Cl)c2Cl)C(O)[C@@H]1CO,CC(O)[C@@H]1C(=O)OC(=Cc2c[nH]c(Cl)c2Cl)C1O.CC(O)[C@@H]1C(=O)OC(=Cc2c[nH]c(Cl)c2Cl)C1O >> Cc1[nH]c(Cl)c(Cl)c1C=C1OC(=O)[C@@H](C(C)O)C1O.O=C1OC(=Cc2c[nH]c(Cl)c2Cl)C(O)[C@@H]1CO,rule0126_2,CC(O)[C@@H]1C(=O)OC(=Cc2c[nH]c(Cl)c2Cl)C1O.CC(O)[C@@H]1C(=O)OC(=Cc2c[nH]c(Cl)c2Cl)C1O>>Cc1[nH]c(Cl)c(Cl)c1C=C1OC(=O)[C@@H](C(C)O)C1O.O=C1OC(=Cc2c[nH]c(Cl)c2Cl)C(O)[C@@H]1CO,0.012570411,0,0.05016238,0,8.704054e-05,0,0.11773905,0
CC(O)[C@@H]1C(=O)OC(=Cc2c[nH]c(Cl)c2Cl)C1=O,C[C@]1(CO)C(=O)OC(=Cc2c[nH]c(Cl)c2Cl)C1=O,CC(O)[C@@H]1C(=O)OC(=Cc2c[nH]c(Cl)c2Cl)C1=O >> C[C@]1(CO)C(=O)OC(=Cc2c[nH]c(Cl)c2Cl)C1=O,rule0028_51,CC(O)[C@@H]1C(=O)OC(=Cc2c[nH]c(Cl)c2Cl)C1=O>>C[C@]1(CO)C(=O)OC(=Cc2c[nH]c(Cl)c2Cl)C1=O,0.056160796,0,0.52746326,0,0.5580492,0,0.5949944,0
CC[C@H](C(=O)O)C(=O)C(O)=Cc1c[nH]c(Cl)c1Cl,CC[C@H]1C(=O)C(O)=Cc2c([nH]c(Cl)c2Cl)OC1O,CC[C@H](C(=O)O)C(=O)C(O)=Cc1c[nH]c(Cl)c1Cl >> CC[C@H]1C(=O)C(O)=Cc2c([nH]c(Cl)c2Cl)OC1O,rule0169_1,CC[C@H](C(=O)O)C(=O)C(O)=Cc1c[nH]c(Cl)c1Cl>>CC[C@H]1C(=O)C(O)=Cc2c([nH]c(Cl)c2Cl)OC1O,0.026790112,0,0.10782956,0,0.021497931,0,0.5117824,0
O.O=C1OC(=Cc2c[nH]c(Cl)c2Cl)C(=O)[C@@H]1CCO,O=C1C(=Cc2c[nH]c(Cl)c2Cl)OC(O)[C@H]1C(O)CO,O.O=C1OC(=Cc2c[nH]c(Cl)c2Cl)C(=O)[C@@H]1CCO >> O=C1C(=Cc2c[nH]c(Cl)c2Cl)OC(O)[C@H]1C(O)CO,rule0070_6,O.O=C1OC(=Cc2c[nH]c(Cl)c2Cl)C(=O)[C@@H]1CCO>>O=C1C(=Cc2c[nH]c(Cl)c2Cl)OC(O)[C@H]1C(O)CO,0.00024816574,0,0.19830982,0,0.35634333,0,0.06705265,0
NC(=O)C1=CN([C@@H]2O[C@H](COP(=O)(O)OP(=O)(O)OC[C@H]3O[C@@H](n4cnc5c(N)ncnc54)[C@H](OP(=O)(O)O)[C@@H]3O)[C@@H](O)[C@H]2O)C=CC1.O=C1C(=Cc2c[nH]c(Cl)c2Cl)OC(O)[C@H]1CCO.O=O,NC(=O)c1ccc[n+]([C@@H]2O[C@H](COP(=O)(O)OP(=O)(O)OC[C@H]3O[C@@H](n4cnc5c(N)ncnc54)[C@H](OP(=O)(O)O)[C@@H]3O)[C@@H](O)[C@H]2O)c1.O.O=C1C(=Cc2c[nH]c(Cl)c2Cl)OC(O)[C@H]1C(O)CO,NC(=O)C1=CN([C@@H]2O[C@H](COP(=O)(O)OP(=O)(O)OC[C@H]3O[C@@H](n4cnc5c(N)ncnc54)[C@H](OP(=O)(O)O)[C@@H]3O)[C@@H](O)[C@H]2O)C=CC1.O=C1C(=Cc2c[nH]c(Cl)c2Cl)OC(O)[C@H]1CCO.O=O >> NC(=O)c1ccc[n+]([C@@H]2O[C@H](COP(=O)(O)OP(=O)(O)OC[C@H]3O[C@@H](n4cnc5c(N)ncnc54)[C@H](OP(=O)(O)O)[C@@H]3O)[C@@H](O)[C@H]2O)c1.O.O=C1C(=Cc2c[nH]c(Cl)c2Cl)OC(O)[C@H]1C(O)CO,rule0004_13,NC(=O)C1=CN([C@@H]2O[C@H](COP(=O)(O)OP(=O)(O)OC[C@H]3O[C@@H](n4cnc5c(N)ncnc54)[C@H](OP(=O)(O)O)[C@@H]3O)[C@@H](O)[C@H]2O)C=CC1.O=C1C(=Cc2c[nH]c(Cl)c2Cl)OC(O)[C@H]1CCO.O=O>>NC(=O)c1ccc[n+]([C@@H]2O[C@H](COP(=O)(O)OP(=O)(O)OC[C@H]3O[C@@H](n4cnc5c(N)ncnc54)[C@H](OP(=O)(O)O)[C@@H]3O)[C@@H](O)[C@H]2O)c1.O.O=C1C(=Cc2c[nH]c(Cl)c2Cl)OC(O)[C@H]1C(O)CO,2.3969686e-05,0,0.03431691,0,0.046481006,0,0.03693055,0
O=C1OC(=Cc2c[nH]c(Cl)c2Cl)C(=O)[C@@H]1CCO,C[C@@H]1C(=O)OC(=C(CO)c2c[nH]c(Cl)c2Cl)C1=O,O=C1OC(=Cc2c[nH]c(Cl)c2Cl)C(=O)[C@@H]1CCO >> C[C@@H]1C(=O)OC(=C(CO)c2c[nH]c(Cl)c2Cl)C1=O,rule0028_50,O=C1OC(=Cc2c[nH]c(Cl)c2Cl)C(=O)[C@@H]1CCO>>C[C@@H]1C(=O)OC(=C(CO)c2c[nH]c(Cl)c2Cl)C1=O,0.05930692,0,0.13307571,0,0.8932593,1,0.5603417,0
CC(O)[C@@H]1C(=O)OC(=Cc2c[nH]c(Cl)c2Cl)C1O.NC(=O)C1=CN([C@@H]2O[C@H](COP(=O)(O)OP(=O)(O)OC[C@H]3O[C@@H](n4cnc5c(N)ncnc54)[C@H](OP(=O)(O)O)[C@@H]3O)[C@@H](O)[C@H]2O)C=CC1.O=O,CC(=O)[C@@H]1C(=O)OC(=Cc2c[nH]c(Cl)c2Cl)C1O.NC(=O)c1ccc[n+]([C@@H]2O[C@H](COP(=O)(O)OP(=O)(O)OC[C@H]3O[C@@H](n4cnc5c(N)ncnc54)[C@H](OP(=O)(O)O)[C@@H]3O)[C@@H](O)[C@H]2O)c1.O.O,CC(O)[C@@H]1C(=O)OC(=Cc2c[nH]c(Cl)c2Cl)C1O.NC(=O)C1=CN([C@@H]2O[C@H](COP(=O)(O)OP(=O)(O)OC[C@H]3O[C@@H](n4cnc5c(N)ncnc54)[C@H](OP(=O)(O)O)[C@@H]3O)[C@@H](O)[C@H]2O)C=CC1.O=O >> CC(=O)[C@@H]1C(=O)OC(=Cc2c[nH]c(Cl)c2Cl)C1O.NC(=O)c1ccc[n+]([C@@H]2O[C@H](COP(=O)(O)OP(=O)(O)OC[C@H]3O[C@@H](n4cnc5c(N)ncnc54)[C@H](OP(=O)(O)O)[C@@H]3O)[C@@H](O)[C@H]2O)c1.O.O,rule0073_5,CC(O)[C@@H]1C(=O)OC(=Cc2c[nH]c(Cl)c2Cl)C1O.NC(=O)C1=CN([C@@H]2O[C@H](COP(=O)(O)OP(=O)(O)OC[C@H]3O[C@@H](n4cnc5c(N)ncnc54)[C@H](OP(=O)(O)O)[C@@H]3O)[C@@H](O)[C@H]2O)C=CC1.O=O>>CC(=O)[C@@H]1C(=O)OC(=Cc2c[nH]c(Cl)c2Cl)C1O.NC(=O)c1ccc[n+]([C@@H]2O[C@H](COP(=O)(O)OP(=O)(O)OC[C@H]3O[C@@H](n4cnc5c(N)ncnc54)[C@H](OP(=O)(O)O)[C@@H]3O)[C@@H](O)[C@H]2O)c1.O.O,0.13233475,0,0.7458002,1,0.7699332,1,0.13207318,0
NC(=O)C1=CN([C@@H]2O[C@H](COP(=O)(O)OP(=O)(O)OC[C@H]3O[C@@H](n4cnc5c(N)ncnc54)[C@H](OP(=O)(O)O)[C@@H]3O)[C@@H](O)[C@H]2O)C=CC1.O=C1OC(=Cc2c[nH]c(Cl)c2Cl)C(=O)[C@@H]1CCO.O=O,NC(=O)c1ccc[n+]([C@@H]2O[C@H](COP(=O)(O)OP(=O)(O)OC[C@H]3O[C@@H](n4cnc5c(N)ncnc54)[C@H](OP(=O)(O)O)[C@@H]3O)[C@@H](O)[C@H]2O)c1.O.O=C1OC(=Cc2c[nH]c(Cl)c2Cl)C(=O)[C@@H]1CC(O)O,NC(=O)C1=CN([C@@H]2O[C@H](COP(=O)(O)OP(=O)(O)OC[C@H]3O[C@@H](n4cnc5c(N)ncnc54)[C@H](OP(=O)(O)O)[C@@H]3O)[C@@H](O)[C@H]2O)C=CC1.O=C1OC(=Cc2c[nH]c(Cl)c2Cl)C(=O)[C@@H]1CCO.O=O >> NC(=O)c1ccc[n+]([C@@H]2O[C@H](COP(=O)(O)OP(=O)(O)OC[C@H]3O[C@@H](n4cnc5c(N)ncnc54)[C@H](OP(=O)(O)O)[C@@H]3O)[C@@H](O)[C@H]2O)c1.O.O=C1OC(=Cc2c[nH]c(Cl)c2Cl)C(=O)[C@@H]1CC(O)O,rule0004_13,NC(=O)C1=CN([C@@H]2O[C@H](COP(=O)(O)OP(=O)(O)OC[C@H]3O[C@@H](n4cnc5c(N)ncnc54)[C@H](OP(=O)(O)O)[C@@H]3O)[C@@H](O)[C@H]2O)C=CC1.O=C1OC(=Cc2c[nH]c(Cl)c2Cl)C(=O)[C@@H]1CCO.O=O>>NC(=O)c1ccc[n+]([C@@H]2O[C@H](COP(=O)(O)OP(=O)(O)OC[C@H]3O[C@@H](n4cnc5c(N)ncnc54)[C@H](OP(=O)(O)O)[C@@H]3O)[C@@H](O)[C@H]2O)c1.O.O=C1OC(=Cc2c[nH]c(Cl)c2Cl)C(=O)[C@@H]1CC(O)O,0.0011982945,0,0.114532866,0,0.036098175,0,0.046435293,0
*C1=C(*)C(=O)C(*)=C(*)C1=O.O=C1C(=Cc2c[nH]c(Cl)c2Cl)OC(O)[C@H]1CCO,*c1c(*)c(O)c(*)c(*)c1O.O=CC[C@H]1C(=O)C(=Cc2c[nH]c(Cl)c2Cl)OC1O,*C1=C(*)C(=O)C(*)=C(*)C1=O.O=C1C(=Cc2c[nH]c(Cl)c2Cl)OC(O)[C@H]1CCO >> *c1c(*)c(O)c(*)c(*)c1O.O=CC[C@H]1C(=O)C(=Cc2c[nH]c(Cl)c2Cl)OC1O,rule0467_8,*C1=C(*)C(=O)C(*)=C(*)C1=O.O=C1C(=Cc2c[nH]c(Cl)c2Cl)OC(O)[C@H]1CCO>>*c1c(*)c(O)c(*)c(*)c1O.O=CC[C@H]1C(=O)C(=Cc2c[nH]c(Cl)c2Cl)OC1O,0.0023860333,0,0.8483759,1,0.2669739,0,0.984683,1
NC(=O)c1ccc[n+]([C@@H]2O[C@H](COP(=O)(O)OP(=O)(O)OC[C@H]3O[C@@H](n4cnc5c(N)ncnc54)[C@H](OP(=O)(O)O)[C@@H]3O)[C@@H](O)[C@H]2O)c1.O.O=C1OC(=Cc2c[nH]c(Cl)c2Cl)C(=O)[C@@H]1CCO,CC[C@@H]1C(=O)OC(=Cc2c[nH]c(Cl)c2Cl)C1=O.NC(=O)C1=CN([C@@H]2O[C@H](COP(=O)(O)OP(=O)(O)OC[C@H]3O[C@@H](n4cnc5c(N)ncnc54)[C@H](OP(=O)(O)O)[C@@H]3O)[C@@H](O)[C@H]2O)C=CC1.O=O,NC(=O)c1ccc[n+]([C@@H]2O[C@H](COP(=O)(O)OP(=O)(O)OC[C@H]3O[C@@H](n4cnc5c(N)ncnc54)[C@H](OP(=O)(O)O)[C@@H]3O)[C@@H](O)[C@H]2O)c1.O.O=C1OC(=Cc2c[nH]c(Cl)c2Cl)C(=O)[C@@H]1CCO >> CC[C@@H]1C(=O)OC(=Cc2c[nH]c(Cl)c2Cl)C1=O.NC(=O)C1=CN([C@@H]2O[C@H](COP(=O)(O)OP(=O)(O)OC[C@H]3O[C@@H](n4cnc5c(N)ncnc54)[C@H](OP(=O)(O)O)[C@@H]3O)[C@@H](O)[C@H]2O)C=CC1.O=O,rule0005_61,NC(=O)c1ccc[n+]([C@@H]2O[C@H](COP(=O)(O)OP(=O)(O)OC[C@H]3O[C@@H](n4cnc5c(N)ncnc54)[C@H](OP(=O)(O)O)[C@@H]3O)[C@@H](O)[C@H]2O)c1.O.O=C1OC(=Cc2c[nH]c(Cl)c2Cl)C(=O)[C@@H]1CCO>>CC[C@@H]1C(=O)OC(=Cc2c[nH]c(Cl)c2Cl)C1=O.NC(=O)C1=CN([C@@H]2O[C@H](COP(=O)(O)OP(=O)(O)OC[C@H]3O[C@@H](n4cnc5c(N)ncnc54)[C@H](OP(=O)(O)O)[C@@H]3O)[C@@H](O)[C@H]2O)C=CC1.O=O,1.9467447e-05,0,1.6945072e-05,0,3.4057703e-05,0,0.00054323167,0
CC[C@@H]1C(=O)OC(=Cc2c[nH]c(Cl)c2Cl)C1=O.NC(=O)C1=CN([C@@H]2O[C@H](COP(=O)(O)OP(=O)(O)OC[C@H]3O[C@@H](n4cnc5c(N)ncnc54)[C@H](OP(=O)(O)O)[C@@H]3O)[C@@H](O)[C@H]2O)C=CC1.O=O,CC(O)[C@@H]1C(=O)OC(=Cc2c[nH]c(Cl)c2Cl)C1=O.NC(=O)c1ccc[n+]([C@@H]2O[C@H](COP(=O)(O)OP(=O)(O)OC[C@H]3O[C@@H](n4cnc5c(N)ncnc54)[C@H](OP(=O)(O)O)[C@@H]3O)[C@@H](O)[C@H]2O)c1.O,CC[C@@H]1C(=O)OC(=Cc2c[nH]c(Cl)c2Cl)C1=O.NC(=O)C1=CN([C@@H]2O[C@H](COP(=O)(O)OP(=O)(O)OC[C@H]3O[C@@H](n4cnc5c(N)ncnc54)[C@H](OP(=O)(O)O)[C@@H]3O)[C@@H](O)[C@H]2O)C=CC1.O=O >> CC(O)[C@@H]1C(=O)OC(=Cc2c[nH]c(Cl)c2Cl)C1=O.NC(=O)c1ccc[n+]([C@@H]2O[C@H](COP(=O)(O)OP(=O)(O)OC[C@H]3O[C@@H](n4cnc5c(N)ncnc54)[C@H](OP(=O)(O)O)[C@@H]3O)[C@@H](O)[C@H]2O)c1.O,rule0004_13,CC[C@@H]1C(=O)OC(=Cc2c[nH]c(Cl)c2Cl)C1=O.NC(=O)C1=CN([C@@H]2O[C@H](COP(=O)(O)OP(=O)(O)OC[C@H]3O[C@@H](n4cnc5c(N)ncnc54)[C@H](OP(=O)(O)O)[C@@H]3O)[C@@H](O)[C@H]2O)C=CC1.O=O>>CC(O)[C@@H]1C(=O)OC(=Cc2c[nH]c(Cl)c2Cl)C1=O.NC(=O)c1ccc[n+]([C@@H]2O[C@H](COP(=O)(O)OP(=O)(O)OC[C@H]3O[C@@H](n4cnc5c(N)ncnc54)[C@H](OP(=O)(O)O)[C@@H]3O)[C@@H](O)[C@H]2O)c1.O,0.035881907,0,0.034407876,0,0.045243565,0,0.021823365,0
CC(O)[C@H]1C(=O)C(=Cc2c[nH]c(Cl)c2Cl)OC1O.NC(=O)c1ccc[n+]([C@@H]2O[C@H](COP(=O)(O)OP(=O)(O)OC[C@H]3O[C@@H](n4cnc5c(N)ncnc54)[C@H](OP(=O)(O)O)[C@@H]3O)[C@@H](O)[C@H]2O)c1,CC(=O)[C@H]1C(=O)C(=Cc2c[nH]c(Cl)c2Cl)OC1O.NC(=O)C1=CN([C@@H]2O[C@H](COP(=O)(O)OP(=O)(O)OC[C@H]3O[C@@H](n4cnc5c(N)ncnc54)[C@H](OP(=O)(O)O)[C@@H]3O)[C@@H](O)[C@H]2O)C=CC1,CC(O)[C@H]1C(=O)C(=Cc2c[nH]c(Cl)c2Cl)OC1O.NC(=O)c1ccc[n+]([C@@H]2O[C@H](COP(=O)(O)OP(=O)(O)OC[C@H]3O[C@@H](n4cnc5c(N)ncnc54)[C@H](OP(=O)(O)O)[C@@H]3O)[C@@H](O)[C@H]2O)c1 >> CC(=O)[C@H]1C(=O)C(=Cc2c[nH]c(Cl)c2Cl)OC1O.NC(=O)C1=CN([C@@H]2O[C@H](COP(=O)(O)OP(=O)(O)OC[C@H]3O[C@@H](n4cnc5c(N)ncnc54)[C@H](OP(=O)(O)O)[C@@H]3O)[C@@H](O)[C@H]2O)C=CC1,rule0002_153,CC(O)[C@H]1C(=O)C(=Cc2c[nH]c(Cl)c2Cl)OC1O.NC(=O)c1ccc[n+]([C@@H]2O[C@H](COP(=O)(O)OP(=O)(O)OC[C@H]3O[C@@H](n4cnc5c(N)ncnc54)[C@H](OP(=O)(O)O)[C@@H]3O)[C@@H](O)[C@H]2O)c1>>CC(=O)[C@H]1C(=O)C(=Cc2c[nH]c(Cl)c2Cl)OC1O.NC(=O)C1=CN([C@@H]2O[C@H](COP(=O)(O)OP(=O)(O)OC[C@H]3O[C@@H](n4cnc5c(N)ncnc54)[C@H](OP(=O)(O)O)[C@@H]3O)[C@@H](O)[C@H]2O)C=CC1,0.00019517812,0,0.008860071,0,0.015982382,0,0.003713272,0
CC[C@H](C(=O)O)C(=O)C(O)=Cc1c[nH]c(Cl)c1Cl,CC[C@H](C(=O)O)c1[nH]c(Cl)c(Cl)c1C=C(O)C=O,CC[C@H](C(=O)O)C(=O)C(O)=Cc1c[nH]c(Cl)c1Cl >> CC[C@H](C(=O)O)c1[nH]c(Cl)c(Cl)c1C=C(O)C=O,rule0028_46,CC[C@H](C(=O)O)C(=O)C(O)=Cc1c[nH]c(Cl)c1Cl>>CC[C@H](C(=O)O)c1[nH]c(Cl)c(Cl)c1C=C(O)C=O,0.0032390824,0,0.008651945,0,0.20145315,0,0.0053094747,0
CC(O)[C@H]1C(=O)C(=Cc2c[nH]c(Cl)c2Cl)OC1O.C[S+](CC[C@H](N)C(=O)O)C[C@H]1O[C@@H](n2cnc3c(N)ncnc32)[C@H](O)[C@@H]1O,COC(C)[C@H]1C(=O)C(=Cc2c[nH]c(Cl)c2Cl)OC1O.Nc1ncnc2c1ncn2[C@@H]1O[C@H](CSCC[C@H](N)C(=O)O)[C@@H](O)[C@H]1O,CC(O)[C@H]1C(=O)C(=Cc2c[nH]c(Cl)c2Cl)OC1O.C[S+](CC[C@H](N)C(=O)O)C[C@H]1O[C@@H](n2cnc3c(N)ncnc32)[C@H](O)[C@@H]1O >> COC(C)[C@H]1C(=O)C(=Cc2c[nH]c(Cl)c2Cl)OC1O.Nc1ncnc2c1ncn2[C@@H]1O[C@H](CSCC[C@H](N)C(=O)O)[C@@H](O)[C@H]1O,rule0011_50,CC(O)[C@H]1C(=O)C(=Cc2c[nH]c(Cl)c2Cl)OC1O.C[S+](CC[C@H](N)C(=O)O)C[C@H]1O[C@@H](n2cnc3c(N)ncnc32)[C@H](O)[C@@H]1O>>COC(C)[C@H]1C(=O)C(=Cc2c[nH]c(Cl)c2Cl)OC1O.Nc1ncnc2c1ncn2[C@@H]1O[C@H](CSCC[C@H](N)C(=O)O)[C@@H](O)[C@H]1O,0.071072094,0,0.9840741,1,0.04288391,0,0.008536469,0
*C1=C(*)C(=O)C(*)=C(*)C1=O.CC(O)[C@@H]1C(=O)OC(=Cc2c[nH]c(Cl)c2Cl)C1O,*c1c(*)c(O)c(*)c(*)c1O.CC(=O)[C@@H]1C(=O)OC(=Cc2c[nH]c(Cl)c2Cl)C1O,*C1=C(*)C(=O)C(*)=C(*)C1=O.CC(O)[C@@H]1C(=O)OC(=Cc2c[nH]c(Cl)c2Cl)C1O >> *c1c(*)c(O)c(*)c(*)c1O.CC(=O)[C@@H]1C(=O)OC(=Cc2c[nH]c(Cl)c2Cl)C1O,rule0467_8,*C1=C(*)C(=O)C(*)=C(*)C1=O.CC(O)[C@@H]1C(=O)OC(=Cc2c[nH]c(Cl)c2Cl)C1O>>*c1c(*)c(O)c(*)c(*)c1O.CC(=O)[C@@H]1C(=O)OC(=Cc2c[nH]c(Cl)c2Cl)C1O,0.05047383,0,0.84384894,1,0.17744163,0,0.6899034,1
NC(=O)C1=CN([C@@H]2O[C@H](COP(=O)(O)OP(=O)(O)OC[C@H]3O[C@@H](n4cnc5c(N)ncnc54)[C@H](OP(=O)(O)O)[C@@H]3O)[C@@H](O)[C@H]2O)C=CC1.O=C(O)CC[C@@H]1C(=O)OC(=Cc2c[nH]c(Cl)c2Cl)C1=O,NC(=O)c1ccc[n+]([C@@H]2O[C@H](COP(=O)(O)OP(=O)(O)OC[C@H]3O[C@@H](n4cnc5c(N)ncnc54)[C@H](OP(=O)(O)O)[C@@H]3O)[C@@H](O)[C@H]2O)c1.O=C1OC(=Cc2c[nH]c(Cl)c2Cl)C(=O)[C@@H]1CCC(O)O,NC(=O)C1=CN([C@@H]2O[C@H](COP(=O)(O)OP(=O)(O)OC[C@H]3O[C@@H](n4cnc5c(N)ncnc54)[C@H](OP(=O)(O)O)[C@@H]3O)[C@@H](O)[C@H]2O)C=CC1.O=C(O)CC[C@@H]1C(=O)OC(=Cc2c[nH]c(Cl)c2Cl)C1=O >> NC(=O)c1ccc[n+]([C@@H]2O[C@H](COP(=O)(O)OP(=O)(O)OC[C@H]3O[C@@H](n4cnc5c(N)ncnc54)[C@H](OP(=O)(O)O)[C@@H]3O)[C@@H](O)[C@H]2O)c1.O=C1OC(=Cc2c[nH]c(Cl)c2Cl)C(=O)[C@@H]1CCC(O)O,rule0003_173,NC(=O)C1=CN([C@@H]2O[C@H](COP(=O)(O)OP(=O)(O)OC[C@H]3O[C@@H](n4cnc5c(N)ncnc54)[C@H](OP(=O)(O)O)[C@@H]3O)[C@@H](O)[C@H]2O)C=CC1.O=C(O)CC[C@@H]1C(=O)OC(=Cc2c[nH]c(Cl)c2Cl)C1=O>>NC(=O)c1ccc[n+]([C@@H]2O[C@H](COP(=O)(O)OP(=O)(O)OC[C@H]3O[C@@H](n4cnc5c(N)ncnc54)[C@H](OP(=O)(O)O)[C@@H]3O)[C@@H](O)[C@H]2O)c1.O=C1OC(=Cc2c[nH]c(Cl)c2Cl)C(=O)[C@@H]1CCC(O)O,0.0037414923,0,1.4561438e-05,0,0.039505567,0,0.012639062,0
CC(O)[C@@H]1C(=O)OC(=Cc2c[nH]c(Cl)c2Cl)C1O.C[S+](CC[C@H](N)C(=O)O)C[C@H]1O[C@@H](n2cnc3c(N)ncnc32)[C@H](O)[C@@H]1O,CC(C)(O)[C@@H]1C(=O)OC(=Cc2c[nH]c(Cl)c2Cl)C1O.Nc1ncnc2c1ncn2[C@@H]1O[C@H](CSCC[C@H](N)C(=O)O)[C@@H](O)[C@H]1O,CC(O)[C@@H]1C(=O)OC(=Cc2c[nH]c(Cl)c2Cl)C1O.C[S+](CC[C@H](N)C(=O)O)C[C@H]1O[C@@H](n2cnc3c(N)ncnc32)[C@H](O)[C@@H]1O >> CC(C)(O)[C@@H]1C(=O)OC(=Cc2c[nH]c(Cl)c2Cl)C1O.Nc1ncnc2c1ncn2[C@@H]1O[C@H](CSCC[C@H](N)C(=O)O)[C@@H](O)[C@H]1O,rule0043_12,CC(O)[C@@H]1C(=O)OC(=Cc2c[nH]c(Cl)c2Cl)C1O.C[S+](CC[C@H](N)C(=O)O)C[C@H]1O[C@@H](n2cnc3c(N)ncnc32)[C@H](O)[C@@H]1O>>CC(C)(O)[C@@H]1C(=O)OC(=Cc2c[nH]c(Cl)c2Cl)C1O.Nc1ncnc2c1ncn2[C@@H]1O[C@H](CSCC[C@H](N)C(=O)O)[C@@H](O)[C@H]1O,0.9427937,1,0.8931262,1,0.28114247,0,0.08795337,0
CC(C)[C@@H]1C(=O)OC(=Cc2c[nH]c(Cl)c2Cl)C1=O.O,CC(C)[C@H](C(=O)O)C(=O)C(O)=Cc1c[nH]c(Cl)c1Cl,CC(C)[C@@H]1C(=O)OC(=Cc2c[nH]c(Cl)c2Cl)C1=O.O >> CC(C)[C@H](C(=O)O)C(=O)C(O)=Cc1c[nH]c(Cl)c1Cl,rule0035_7,CC(C)[C@@H]1C(=O)OC(=Cc2c[nH]c(Cl)c2Cl)C1=O.O>>CC(C)[C@H](C(=O)O)C(=O)C(O)=Cc1c[nH]c(Cl)c1Cl,0.41838026,0,0.93184483,1,0.77772075,1,0.84156835,1
CC[C@@H]1C(=O)OC(=Cc2c[nH]c(Cl)c2Cl)C1=O.CC[C@@H]1C(=O)OC(=Cc2c[nH]c(Cl)c2Cl)C1=O,CC[C@@H]1C(=O)OC(=C(C)c2c[nH]c(Cl)c2Cl)C1=O.C[C@@H]1C(=O)OC(=Cc2c[nH]c(Cl)c2Cl)C1=O,CC[C@@H]1C(=O)OC(=Cc2c[nH]c(Cl)c2Cl)C1=O.CC[C@@H]1C(=O)OC(=Cc2c[nH]c(Cl)c2Cl)C1=O >> CC[C@@H]1C(=O)OC(=C(C)c2c[nH]c(Cl)c2Cl)C1=O.C[C@@H]1C(=O)OC(=Cc2c[nH]c(Cl)c2Cl)C1=O,rule0126_2,CC[C@@H]1C(=O)OC(=Cc2c[nH]c(Cl)c2Cl)C1=O.CC[C@@H]1C(=O)OC(=Cc2c[nH]c(Cl)c2Cl)C1=O>>CC[C@@H]1C(=O)OC(=C(C)c2c[nH]c(Cl)c2Cl)C1=O.C[C@@H]1C(=O)OC(=Cc2c[nH]c(Cl)c2Cl)C1=O,0.22908662,0,0.0011087434,0,0.000988977,0,0.14232399,0
CC(=C1OC(=O)[C@@H](C)C1=O)c1c[nH]c(Cl)c1Cl.O=C=O,C[C@@H]1C(=O)OC(=C(CC(=O)O)c2c[nH]c(Cl)c2Cl)C1=O,CC(=C1OC(=O)[C@@H](C)C1=O)c1c[nH]c(Cl)c1Cl.O=C=O >> C[C@@H]1C(=O)OC(=C(CC(=O)O)c2c[nH]c(Cl)c2Cl)C1=O,rule0023_20,CC(=C1OC(=O)[C@@H](C)C1=O)c1c[nH]c(Cl)c1Cl.O=C=O>>C[C@@H]1C(=O)OC(=C(CC(=O)O)c2c[nH]c(Cl)c2Cl)C1=O,3.2069984e-05,0,0.0074208034,0,0.013005657,0,0.009136104,0
O=C1OC(=Cc2c[nH]c(Cl)c2Cl)C(=O)[C@@H]1CCO.O=C1OC(=Cc2c[nH]c(Cl)c2Cl)C(=O)[C@@H]1CCO,C[C@@H]1C(=O)OC(=Cc2c[nH]c(Cl)c2Cl)C1=O.O=C1OC(=Cc2c[nH]c(Cl)c2Cl)C(=O)[C@@H]1C(CO)CO,O=C1OC(=Cc2c[nH]c(Cl)c2Cl)C(=O)[C@@H]1CCO.O=C1OC(=Cc2c[nH]c(Cl)c2Cl)C(=O)[C@@H]1CCO >> C[C@@H]1C(=O)OC(=Cc2c[nH]c(Cl)c2Cl)C1=O.O=C1OC(=Cc2c[nH]c(Cl)c2Cl)C(=O)[C@@H]1C(CO)CO,rule0126_2,O=C1OC(=Cc2c[nH]c(Cl)c2Cl)C(=O)[C@@H]1CCO.O=C1OC(=Cc2c[nH]c(Cl)c2Cl)C(=O)[C@@H]1CCO>>C[C@@H]1C(=O)OC(=Cc2c[nH]c(Cl)c2Cl)C1=O.O=C1OC(=Cc2c[nH]c(Cl)c2Cl)C(=O)[C@@H]1C(CO)CO,0.0022106753,0,0.0055757966,0,0.010978889,0,0.26720998,0
CC[C@H](C(=O)O)C(=O)C(O)=Cc1c[nH]c(Cl)c1Cl.N.OO,CC[C@H](C(=O)O)C(N)C(O)=Cc1c[nH]c(Cl)c1Cl.O.O=O,CC[C@H](C(=O)O)C(=O)C(O)=Cc1c[nH]c(Cl)c1Cl.N.OO >> CC[C@H](C(=O)O)C(N)C(O)=Cc1c[nH]c(Cl)c1Cl.O.O=O,rule0091_12,CC[C@H](C(=O)O)C(=O)C(O)=Cc1c[nH]c(Cl)c1Cl.N.OO>>CC[C@H](C(=O)O)C(N)C(O)=Cc1c[nH]c(Cl)c1Cl.O.O=O,0.0003553522,0,0.0011636972,0,0.008706165,0,0.005786136,0
CC[C@@H]1C(=O)OC(=Cc2c[nH]c(Cl)c2Cl)C1=O.O,CC(O)[C@@H]1C(=O)OC(=Cc2c[nH]c(Cl)c2Cl)C1O,CC[C@@H]1C(=O)OC(=Cc2c[nH]c(Cl)c2Cl)C1=O.O >> CC(O)[C@@H]1C(=O)OC(=Cc2c[nH]c(Cl)c2Cl)C1O,rule0070_6,CC[C@@H]1C(=O)OC(=Cc2c[nH]c(Cl)c2Cl)C1=O.O>>CC(O)[C@@H]1C(=O)OC(=Cc2c[nH]c(Cl)c2Cl)C1O,0.10801412,0,0.09773045,0,0.46983778,0,0.112928264,0
CC(O)[C@@H]1C(=O)OC(=Cc2c[nH]c(Cl)c2Cl)C1O.O,CC(O)(O)[C@@H]1C(O)OC(=Cc2c[nH]c(Cl)c2Cl)C1O,CC(O)[C@@H]1C(=O)OC(=Cc2c[nH]c(Cl)c2Cl)C1O.O >> CC(O)(O)[C@@H]1C(O)OC(=Cc2c[nH]c(Cl)c2Cl)C1O,rule0070_6,CC(O)[C@@H]1C(=O)OC(=Cc2c[nH]c(Cl)c2Cl)C1O.O>>CC(O)(O)[C@@H]1C(O)OC(=Cc2c[nH]c(Cl)c2Cl)C1O,0.027608622,0,0.428573,0,0.0875078,0,0.11592424,0
CC(C(=O)O)[C@@H]1C(=O)OC(=Cc2c[nH]c(Cl)c2Cl)C1=O.N,CC(C(N)=O)[C@@H]1C(=O)OC(=Cc2c[nH]c(Cl)c2Cl)C1=O.O,CC(C(=O)O)[C@@H]1C(=O)OC(=Cc2c[nH]c(Cl)c2Cl)C1=O.N >> CC(C(N)=O)[C@@H]1C(=O)OC(=Cc2c[nH]c(Cl)c2Cl)C1=O.O,rule0055_2,CC(C(=O)O)[C@@H]1C(=O)OC(=Cc2c[nH]c(Cl)c2Cl)C1=O.N>>CC(C(N)=O)[C@@H]1C(=O)OC(=Cc2c[nH]c(Cl)c2Cl)C1=O.O,1.7397402e-05,0,0.0009660669,0,0.06273434,0,0.061902814,0
CC[C@H](C(=O)O)C(=O)C(O)=Cc1c[nH]c(Cl)c1Cl,C[C@@H](CC(=O)O)C(=O)C(O)=Cc1c[nH]c(Cl)c1Cl,CC[C@H](C(=O)O)C(=O)C(O)=Cc1c[nH]c(Cl)c1Cl >> C[C@@H](CC(=O)O)C(=O)C(O)=Cc1c[nH]c(Cl)c1Cl,rule0449_1,CC[C@H](C(=O)O)C(=O)C(O)=Cc1c[nH]c(Cl)c1Cl>>C[C@@H](CC(=O)O)C(=O)C(O)=Cc1c[nH]c(Cl)c1Cl,0.17894678,0,0.92702156,1,0.14048712,0,0.5722006,0
CC[C@@H]1C(=O)OC(=Cc2c[nH]c(Cl)c2Cl)C1=O,CC1(C)C(=O)OC(=Cc2c[nH]c(Cl)c2Cl)C1=O,CC[C@@H]1C(=O)OC(=Cc2c[nH]c(Cl)c2Cl)C1=O >> CC1(C)C(=O)OC(=Cc2c[nH]c(Cl)c2Cl)C1=O,rule0028_51,CC[C@@H]1C(=O)OC(=Cc2c[nH]c(Cl)c2Cl)C1=O>>CC1(C)C(=O)OC(=Cc2c[nH]c(Cl)c2Cl)C1=O,0.33837417,0,0.7542955,1,0.5959084,1,0.046220936,0
CC1(C)C(=O)OC(=Cc2c[nH]c(Cl)c2Cl)C1=O.O,CC(C)(C(=O)O)C(=O)C(O)=Cc1c[nH]c(Cl)c1Cl,CC1(C)C(=O)OC(=Cc2c[nH]c(Cl)c2Cl)C1=O.O >> CC(C)(C(=O)O)C(=O)C(O)=Cc1c[nH]c(Cl)c1Cl,rule0035_7,CC1(C)C(=O)OC(=Cc2c[nH]c(Cl)c2Cl)C1=O.O>>CC(C)(C(=O)O)C(=O)C(O)=Cc1c[nH]c(Cl)c1Cl,0.34449983,0,0.5621123,0,0.077405006,0,0.059630413,0
CC(O)[C@H]1C(=O)C(=Cc2c[nH]c(Cl)c2Cl)OC1O.Cl,CC(Cl)[C@H]1C(=O)C(=Cc2c[nH]c(Cl)c2Cl)OC1O.O,CC(O)[C@H]1C(=O)C(=Cc2c[nH]c(Cl)c2Cl)OC1O.Cl >> CC(Cl)[C@H]1C(=O)C(=Cc2c[nH]c(Cl)c2Cl)OC1O.O,rule0183_6,CC(O)[C@H]1C(=O)C(=Cc2c[nH]c(Cl)c2Cl)OC1O.Cl>>CC(Cl)[C@H]1C(=O)C(=Cc2c[nH]c(Cl)c2Cl)OC1O.O,0.07171268,0,0.73868746,1,0.28203624,0,0.57657075,0
CC[C@H](C(=O)O)C(=O)C(O)=Cc1c[nH]c(Cl)c1Cl,CCCC(=O)C(O)=Cc1c[nH]c(Cl)c1Cl.O=C=O,CC[C@H](C(=O)O)C(=O)C(O)=Cc1c[nH]c(Cl)c1Cl >> CCCC(=O)C(O)=Cc1c[nH]c(Cl)c1Cl.O=C=O,rule0024_38,CC[C@H](C(=O)O)C(=O)C(O)=Cc1c[nH]c(Cl)c1Cl>>CCCC(=O)C(O)=Cc1c[nH]c(Cl)c1Cl.O=C=O,0.9792668,1,0.9983626,1,0.848437,1,0.95768183,1
O=C1C(=Cc2c[nH]c(Cl)c2Cl)OC(O)[C@H]1CCO.O=O,O=CC[C@H]1C(=O)C(=Cc2c[nH]c(Cl)c2Cl)OC1O.OO,O=C1C(=Cc2c[nH]c(Cl)c2Cl)OC(O)[C@H]1CCO.O=O >> O=CC[C@H]1C(=O)C(=Cc2c[nH]c(Cl)c2Cl)OC1O.OO,rule0074_18,O=C1C(=Cc2c[nH]c(Cl)c2Cl)OC(O)[C@H]1CCO.O=O>>O=CC[C@H]1C(=O)C(=Cc2c[nH]c(Cl)c2Cl)OC1O.OO,0.023385355,0,0.5913926,1,0.8494918,1,0.9944429,1
O=C(O)CC[C@@H]1C(=O)OC(=Cc2c[nH]c(Cl)c2Cl)C1=O,O=C(O)CCC(=C1OC(=O)CC1=O)c1c[nH]c(Cl)c1Cl,O=C(O)CC[C@@H]1C(=O)OC(=Cc2c[nH]c(Cl)c2Cl)C1=O >> O=C(O)CCC(=C1OC(=O)CC1=O)c1c[nH]c(Cl)c1Cl,rule0028_47,O=C(O)CC[C@@H]1C(=O)OC(=Cc2c[nH]c(Cl)c2Cl)C1=O>>O=C(O)CCC(=C1OC(=O)CC1=O)c1c[nH]c(Cl)c1Cl,0.8493035,1,0.10166463,0,0.8484944,1,0.52713305,0
CC(C(=O)O)[C@@H]1C(=O)OC(=Cc2c[nH]c(Cl)c2Cl)C1=O,CC(=C1OC(=O)[C@@H](CC(=O)O)C1=O)c1c[nH]c(Cl)c1Cl,CC(C(=O)O)[C@@H]1C(=O)OC(=Cc2c[nH]c(Cl)c2Cl)C1=O >> CC(=C1OC(=O)[C@@H](CC(=O)O)C1=O)c1c[nH]c(Cl)c1Cl,rule0028_47,CC(C(=O)O)[C@@H]1C(=O)OC(=Cc2c[nH]c(Cl)c2Cl)C1=O>>CC(=C1OC(=O)[C@@H](CC(=O)O)C1=O)c1c[nH]c(Cl)c1Cl,0.23882195,0,0.08163592,0,0.7726751,1,0.9660957,1
CC(O)[C@@H]1C(=O)OC(=Cc2c[nH]c(Cl)c2Cl)C1=O.O,O=C1OC(=Cc2c[nH]c(Cl)c2Cl)C(O)[C@@H]1C(O)CO,CC(O)[C@@H]1C(=O)OC(=Cc2c[nH]c(Cl)c2Cl)C1=O.O >> O=C1OC(=Cc2c[nH]c(Cl)c2Cl)C(O)[C@@H]1C(O)CO,rule0070_6,CC(O)[C@@H]1C(=O)OC(=Cc2c[nH]c(Cl)c2Cl)C1=O.O>>O=C1OC(=Cc2c[nH]c(Cl)c2Cl)C(O)[C@@H]1C(O)CO,0.019720446,0,0.5149057,0,0.65245706,1,0.686457,1
CC[C@H](C(=O)O)C(=O)C(O)=Cc1c[nH]c(Cl)c1Cl.NC(=O)c1ccc[n+]([C@@H]2O[C@H](COP(=O)(O)OP(=O)(O)OC[C@H]3O[C@@H](n4cnc5c(N)ncnc54)[C@H](OP(=O)(O)O)[C@@H]3O)[C@@H](O)[C@H]2O)c1.O,NC(=O)C1=CN([C@@H]2O[C@H](COP(=O)(O)OP(=O)(O)OC[C@H]3O[C@@H](n4cnc5c(N)ncnc54)[C@H](OP(=O)(O)O)[C@@H]3O)[C@@H](O)[C@H]2O)C=CC1.O=C(O)[C@@H](CCO)C(=O)C(O)=Cc1c[nH]c(Cl)c1Cl,CC[C@H](C(=O)O)C(=O)C(O)=Cc1c[nH]c(Cl)c1Cl.NC(=O)c1ccc[n+]([C@@H]2O[C@H](COP(=O)(O)OP(=O)(O)OC[C@H]3O[C@@H](n4cnc5c(N)ncnc54)[C@H](OP(=O)(O)O)[C@@H]3O)[C@@H](O)[C@H]2O)c1.O >> NC(=O)C1=CN([C@@H]2O[C@H](COP(=O)(O)OP(=O)(O)OC[C@H]3O[C@@H](n4cnc5c(N)ncnc54)[C@H](OP(=O)(O)O)[C@@H]3O)[C@@H](O)[C@H]2O)C=CC1.O=C(O)[C@@H](CCO)C(=O)C(O)=Cc1c[nH]c(Cl)c1Cl,rule0026_13,CC[C@H](C(=O)O)C(=O)C(O)=Cc1c[nH]c(Cl)c1Cl.NC(=O)c1ccc[n+]([C@@H]2O[C@H](COP(=O)(O)OP(=O)(O)OC[C@H]3O[C@@H](n4cnc5c(N)ncnc54)[C@H](OP(=O)(O)O)[C@@H]3O)[C@@H](O)[C@H]2O)c1.O>>NC(=O)C1=CN([C@@H]2O[C@H](COP(=O)(O)OP(=O)(O)OC[C@H]3O[C@@H](n4cnc5c(N)ncnc54)[C@H](OP(=O)(O)O)[C@@H]3O)[C@@H](O)[C@H]2O)C=CC1.O=C(O)[C@@H](CCO)C(=O)C(O)=Cc1c[nH]c(Cl)c1Cl,0.0361353,0,0.060603105,0,0.020862339,0,0.020915102,0
CC(C(=O)O)[C@@H]1C(=O)OC(=Cc2c[nH]c(Cl)c2Cl)C1=O.NC(=O)C1=CN([C@@H]2O[C@H](COP(=O)(O)OP(=O)(O)OC[C@H]3O[C@@H](n4cnc5c(N)ncnc54)[C@H](OP(=O)(O)O)[C@@H]3O)[C@@H](O)[C@H]2O)C=CC1,CC(C(O)O)[C@@H]1C(=O)OC(=Cc2c[nH]c(Cl)c2Cl)C1=O.NC(=O)c1ccc[n+]([C@@H]2O[C@H](COP(=O)(O)OP(=O)(O)OC[C@H]3O[C@@H](n4cnc5c(N)ncnc54)[C@H](OP(=O)(O)O)[C@@H]3O)[C@@H](O)[C@H]2O)c1,CC(C(=O)O)[C@@H]1C(=O)OC(=Cc2c[nH]c(Cl)c2Cl)C1=O.NC(=O)C1=CN([C@@H]2O[C@H](COP(=O)(O)OP(=O)(O)OC[C@H]3O[C@@H](n4cnc5c(N)ncnc54)[C@H](OP(=O)(O)O)[C@@H]3O)[C@@H](O)[C@H]2O)C=CC1 >> CC(C(O)O)[C@@H]1C(=O)OC(=Cc2c[nH]c(Cl)c2Cl)C1=O.NC(=O)c1ccc[n+]([C@@H]2O[C@H](COP(=O)(O)OP(=O)(O)OC[C@H]3O[C@@H](n4cnc5c(N)ncnc54)[C@H](OP(=O)(O)O)[C@@H]3O)[C@@H](O)[C@H]2O)c1,rule0003_173,CC(C(=O)O)[C@@H]1C(=O)OC(=Cc2c[nH]c(Cl)c2Cl)C1=O.NC(=O)C1=CN([C@@H]2O[C@H](COP(=O)(O)OP(=O)(O)OC[C@H]3O[C@@H](n4cnc5c(N)ncnc54)[C@H](OP(=O)(O)O)[C@@H]3O)[C@@H](O)[C@H]2O)C=CC1>>CC(C(O)O)[C@@H]1C(=O)OC(=Cc2c[nH]c(Cl)c2Cl)C1=O.NC(=O)c1ccc[n+]([C@@H]2O[C@H](COP(=O)(O)OP(=O)(O)OC[C@H]3O[C@@H](n4cnc5c(N)ncnc54)[C@H](OP(=O)(O)O)[C@@H]3O)[C@@H](O)[C@H]2O)c1,0.0012479603,0,0.0038155597,0,0.39636064,0,0.04601575,0
CCc1[nH]c(Cl)c(Cl)c1C=C1OC(=O)CC1=O,CCC1C(=O)OC(=Cc2c[nH]c(Cl)c2Cl)C1=O,CCc1[nH]c(Cl)c(Cl)c1C=C1OC(=O)CC1=O >> CCC1C(=O)OC(=Cc2c[nH]c(Cl)c2Cl)C1=O,rule0028_51,CCc1[nH]c(Cl)c(Cl)c1C=C1OC(=O)CC1=O>>CCC1C(=O)OC(=Cc2c[nH]c(Cl)c2Cl)C1=O,0.015309776,0,0.017890774,0,0.39611566,0,0.16528782,0
CC[C@H](C(=O)O)C(=O)C(O)=Cc1c[nH]c(Cl)c1Cl,CC[C@@]1(C(O)C(O)=Cc2c[nH]c(Cl)c2Cl)OC1=O,CC[C@H](C(=O)O)C(=O)C(O)=Cc1c[nH]c(Cl)c1Cl >> CC[C@@]1(C(O)C(O)=Cc2c[nH]c(Cl)c2Cl)OC1=O,rule0169_1,CC[C@H](C(=O)O)C(=O)C(O)=Cc1c[nH]c(Cl)c1Cl>>CC[C@@]1(C(O)C(O)=Cc2c[nH]c(Cl)c2Cl)OC1=O,0.008872265,0,0.08732604,0,0.039071076,0,0.014703461,0
CC[C@H](C(=O)O)C(=O)C(O)=Cc1c[nH]c(Cl)c1Cl.N,CC[C@H](C(N)=O)C(=O)C(O)=Cc1c[nH]c(Cl)c1Cl.O,CC[C@H](C(=O)O)C(=O)C(O)=Cc1c[nH]c(Cl)c1Cl.N >> CC[C@H](C(N)=O)C(=O)C(O)=Cc1c[nH]c(Cl)c1Cl.O,rule0055_2,CC[C@H](C(=O)O)C(=O)C(O)=Cc1c[nH]c(Cl)c1Cl.N>>CC[C@H](C(N)=O)C(=O)C(O)=Cc1c[nH]c(Cl)c1Cl.O,0.007741393,0,0.46636292,0,0.043671887,0,0.12100095,0
CC(C(=O)O)[C@@H]1C(=O)OC(=Cc2c[nH]c(Cl)c2Cl)C1=O.NC(=O)C1=CN([C@@H]2O[C@H](COP(=O)(O)OP(=O)(O)OC[C@H]3O[C@@H](n4cnc5c(N)ncnc54)[C@H](OP(=O)(O)O)[C@@H]3O)[C@@H](O)[C@H]2O)C=CC1,CC(C(O)O)[C@@H]1C(=O)OC(=Cc2c[nH]c(Cl)c2Cl)C1=O.NC(=O)c1ccc[n+]([C@@H]2O[C@H](COP(=O)(O)OP(=O)(O)OC[C@H]3O[C@@H](n4cnc5c(N)ncnc54)[C@H](OP(=O)(O)O)[C@@H]3O)[C@@H](O)[C@H]2O)c1,CC(C(=O)O)[C@@H]1C(=O)OC(=Cc2c[nH]c(Cl)c2Cl)C1=O.NC(=O)C1=CN([C@@H]2O[C@H](COP(=O)(O)OP(=O)(O)OC[C@H]3O[C@@H](n4cnc5c(N)ncnc54)[C@H](OP(=O)(O)O)[C@@H]3O)[C@@H](O)[C@H]2O)C=CC1 >> CC(C(O)O)[C@@H]1C(=O)OC(=Cc2c[nH]c(Cl)c2Cl)C1=O.NC(=O)c1ccc[n+]([C@@H]2O[C@H](COP(=O)(O)OP(=O)(O)OC[C@H]3O[C@@H](n4cnc5c(N)ncnc54)[C@H](OP(=O)(O)O)[C@@H]3O)[C@@H](O)[C@H]2O)c1,rule0003_170,CC(C(=O)O)[C@@H]1C(=O)OC(=Cc2c[nH]c(Cl)c2Cl)C1=O.NC(=O)C1=CN([C@@H]2O[C@H](COP(=O)(O)OP(=O)(O)OC[C@H]3O[C@@H](n4cnc5c(N)ncnc54)[C@H](OP(=O)(O)O)[C@@H]3O)[C@@H](O)[C@H]2O)C=CC1>>CC(C(O)O)[C@@H]1C(=O)OC(=Cc2c[nH]c(Cl)c2Cl)C1=O.NC(=O)c1ccc[n+]([C@@H]2O[C@H](COP(=O)(O)OP(=O)(O)OC[C@H]3O[C@@H](n4cnc5c(N)ncnc54)[C@H](OP(=O)(O)O)[C@@H]3O)[C@@H](O)[C@H]2O)c1,0.0012479603,0,0.0038155597,0,0.39636064,0,0.04601575,0
CC[C@@H]1C(=O)OC(=Cc2c(C)[nH]c(Cl)c2Cl)C1=O.O,Cc1[nH]c(Cl)c(Cl)c1C=C1OC(=O)[C@@H](C(C)O)C1O,CC[C@@H]1C(=O)OC(=Cc2c(C)[nH]c(Cl)c2Cl)C1=O.O >> Cc1[nH]c(Cl)c(Cl)c1C=C1OC(=O)[C@@H](C(C)O)C1O,rule0070_6,CC[C@@H]1C(=O)OC(=Cc2c(C)[nH]c(Cl)c2Cl)C1=O.O>>Cc1[nH]c(Cl)c(Cl)c1C=C1OC(=O)[C@@H](C(C)O)C1O,0.0051724105,0,0.041260414,0,0.0623743,0,0.08310038,0
*C1=C(*)C(=O)C(*)=C(*)C1=O.CC(O)[C@@H]1C(=O)OC(=Cc2c[nH]c(Cl)c2Cl)C1=O,*c1c(*)c(O)c(*)c(*)c1O.CC(=O)[C@@H]1C(=O)OC(=Cc2c[nH]c(Cl)c2Cl)C1=O,*C1=C(*)C(=O)C(*)=C(*)C1=O.CC(O)[C@@H]1C(=O)OC(=Cc2c[nH]c(Cl)c2Cl)C1=O >> *c1c(*)c(O)c(*)c(*)c1O.CC(=O)[C@@H]1C(=O)OC(=Cc2c[nH]c(Cl)c2Cl)C1=O,rule0467_8,*C1=C(*)C(=O)C(*)=C(*)C1=O.CC(O)[C@@H]1C(=O)OC(=Cc2c[nH]c(Cl)c2Cl)C1=O>>*c1c(*)c(O)c(*)c(*)c1O.CC(=O)[C@@H]1C(=O)OC(=Cc2c[nH]c(Cl)c2Cl)C1=O,0.0039353753,0,0.42184174,0,0.5370949,0,0.9420055,1
CCC(=C1OC(=O)CC1=O)c1c[nH]c(Cl)c1Cl,CCc1[nH]c(Cl)c(Cl)c1C=C1OC(=O)CC1=O,CCC(=C1OC(=O)CC1=O)c1c[nH]c(Cl)c1Cl >> CCc1[nH]c(Cl)c(Cl)c1C=C1OC(=O)CC1=O,rule0028_51,CCC(=C1OC(=O)CC1=O)c1c[nH]c(Cl)c1Cl>>CCc1[nH]c(Cl)c(Cl)c1C=C1OC(=O)CC1=O,0.041090503,0,0.040324897,0,0.45458502,0,0.49112985,0
O=C(O)CC[C@@H]1C(=O)OC(=Cc2c[nH]c(Cl)c2Cl)C1=O,O=C1OC2=Cc3c([nH]c(Cl)c3Cl)OC(O)CC[C@H]1C2=O,O=C(O)CC[C@@H]1C(=O)OC(=Cc2c[nH]c(Cl)c2Cl)C1=O >> O=C1OC2=Cc3c([nH]c(Cl)c3Cl)OC(O)CC[C@H]1C2=O,rule0169_1,O=C(O)CC[C@@H]1C(=O)OC(=Cc2c[nH]c(Cl)c2Cl)C1=O>>O=C1OC2=Cc3c([nH]c(Cl)c3Cl)OC(O)CC[C@H]1C2=O,0.0023471352,0,0.03030996,0,0.3201771,0,0.09266619,0
CC[C@@H]1C(=O)OC(=C(C)c2c[nH]c(Cl)c2Cl)C1=O,CC(=C1OC(=O)C(C)(C)C1=O)c1c[nH]c(Cl)c1Cl,CC[C@@H]1C(=O)OC(=C(C)c2c[nH]c(Cl)c2Cl)C1=O >> CC(=C1OC(=O)C(C)(C)C1=O)c1c[nH]c(Cl)c1Cl,rule0028_51,CC[C@@H]1C(=O)OC(=C(C)c2c[nH]c(Cl)c2Cl)C1=O>>CC(=C1OC(=O)C(C)(C)C1=O)c1c[nH]c(Cl)c1Cl,0.052132644,0,0.089974135,0,0.3880817,0,0.08797663,0
O.O=C1OC(=Cc2c[nH]c(Cl)c2Cl)C(O)[C@@H]1CCO,OC(O)C[C@@H]1C(O)OC(=Cc2c[nH]c(Cl)c2Cl)C1O,O.O=C1OC(=Cc2c[nH]c(Cl)c2Cl)C(O)[C@@H]1CCO >> OC(O)C[C@@H]1C(O)OC(=Cc2c[nH]c(Cl)c2Cl)C1O,rule0070_6,O.O=C1OC(=Cc2c[nH]c(Cl)c2Cl)C(O)[C@@H]1CCO>>OC(O)C[C@@H]1C(O)OC(=Cc2c[nH]c(Cl)c2Cl)C1O,0.008035731,0,0.064493865,0,0.1913095,0,0.41547585,0
CC(C(=O)O)[C@@H]1C(=O)OC(=Cc2c[nH]c(Cl)c2Cl)C1=O.NC(=O)c1ccc[n+]([C@@H]2O[C@H](COP(=O)(O)OP(=O)(O)OC[C@H]3O[C@@H](n4cnc5c(N)ncnc54)[C@H](OP(=O)(O)O)[C@@H]3O)[C@@H](O)[C@H]2O)c1,C=C(C(=O)O)[C@@H]1C(=O)OC(=Cc2c[nH]c(Cl)c2Cl)C1=O.NC(=O)C1=CN([C@@H]2O[C@H](COP(=O)(O)OP(=O)(O)OC[C@H]3O[C@@H](n4cnc5c(N)ncnc54)[C@H](OP(=O)(O)O)[C@@H]3O)[C@@H](O)[C@H]2O)C=CC1,CC(C(=O)O)[C@@H]1C(=O)OC(=Cc2c[nH]c(Cl)c2Cl)C1=O.NC(=O)c1ccc[n+]([C@@H]2O[C@H](COP(=O)(O)OP(=O)(O)OC[C@H]3O[C@@H](n4cnc5c(N)ncnc54)[C@H](OP(=O)(O)O)[C@@H]3O)[C@@H](O)[C@H]2O)c1 >> C=C(C(=O)O)[C@@H]1C(=O)OC(=Cc2c[nH]c(Cl)c2Cl)C1=O.NC(=O)C1=CN([C@@H]2O[C@H](COP(=O)(O)OP(=O)(O)OC[C@H]3O[C@@H](n4cnc5c(N)ncnc54)[C@H](OP(=O)(O)O)[C@@H]3O)[C@@H](O)[C@H]2O)C=CC1,rule0018_72,CC(C(=O)O)[C@@H]1C(=O)OC(=Cc2c[nH]c(Cl)c2Cl)C1=O.NC(=O)c1ccc[n+]([C@@H]2O[C@H](COP(=O)(O)OP(=O)(O)OC[C@H]3O[C@@H](n4cnc5c(N)ncnc54)[C@H](OP(=O)(O)O)[C@@H]3O)[C@@H](O)[C@H]2O)c1>>C=C(C(=O)O)[C@@H]1C(=O)OC(=Cc2c[nH]c(Cl)c2Cl)C1=O.NC(=O)C1=CN([C@@H]2O[C@H](COP(=O)(O)OP(=O)(O)OC[C@H]3O[C@@H](n4cnc5c(N)ncnc54)[C@H](OP(=O)(O)O)[C@@H]3O)[C@@H](O)[C@H]2O)C=CC1,0.000584216,0,0.011558139,0,0.0188982,0,0.14548673,0
CC[C@H](C(=O)O)C(=O)C(O)=Cc1c[nH]c(Cl)c1Cl,CC[C@H]1C(=O)C(O)=C(c2c[nH]c(Cl)c2Cl)OC1O,CC[C@H](C(=O)O)C(=O)C(O)=Cc1c[nH]c(Cl)c1Cl >> CC[C@H]1C(=O)C(O)=C(c2c[nH]c(Cl)c2Cl)OC1O,rule0169_1,CC[C@H](C(=O)O)C(=O)C(O)=Cc1c[nH]c(Cl)c1Cl>>CC[C@H]1C(=O)C(O)=C(c2c[nH]c(Cl)c2Cl)OC1O,0.0705666,0,0.5233324,0,0.08809939,0,0.52221644,0
O=C1OC(=Cc2c[nH]c(Cl)c2Cl)C(O)[C@@H]1CCO.O=C1OC(=Cc2c[nH]c(Cl)c2Cl)C(O)[C@@H]1CCO,C[C@@H]1C(=O)OC(=Cc2c[nH]c(Cl)c2Cl)C1O.O=C1OC(=Cc2c[nH]c(Cl)c2Cl)C(O)[C@@H]1C(CO)CO,O=C1OC(=Cc2c[nH]c(Cl)c2Cl)C(O)[C@@H]1CCO.O=C1OC(=Cc2c[nH]c(Cl)c2Cl)C(O)[C@@H]1CCO >> C[C@@H]1C(=O)OC(=Cc2c[nH]c(Cl)c2Cl)C1O.O=C1OC(=Cc2c[nH]c(Cl)c2Cl)C(O)[C@@H]1C(CO)CO,rule0126_2,O=C1OC(=Cc2c[nH]c(Cl)c2Cl)C(O)[C@@H]1CCO.O=C1OC(=Cc2c[nH]c(Cl)c2Cl)C(O)[C@@H]1CCO>>C[C@@H]1C(=O)OC(=Cc2c[nH]c(Cl)c2Cl)C1O.O=C1OC(=Cc2c[nH]c(Cl)c2Cl)C(O)[C@@H]1C(CO)CO,0.026225097,0,0.041207563,0,0.025938839,0,0.03482614,0
CC[C@H](C(=O)O)C(=O)C(O)=Cc1c[nH]c(Cl)c1Cl,O.O=C1CC[C@H]1C(=O)C(O)=Cc1c[nH]c(Cl)c1Cl,CC[C@H](C(=O)O)C(=O)C(O)=Cc1c[nH]c(Cl)c1Cl >> O.O=C1CC[C@H]1C(=O)C(O)=Cc1c[nH]c(Cl)c1Cl,rule0245_1,CC[C@H](C(=O)O)C(=O)C(O)=Cc1c[nH]c(Cl)c1Cl>>O.O=C1CC[C@H]1C(=O)C(O)=Cc1c[nH]c(Cl)c1Cl,0.024955282,0,0.0350057,0,0.07800728,0,0.2158037,0
C[C@@H]1C(=O)OC(=Cc2c[nH]c(Cl)c2Cl)C1=O.O,C[C@H](C(=O)O)C(=O)C(O)=Cc1c[nH]c(Cl)c1Cl,C[C@@H]1C(=O)OC(=Cc2c[nH]c(Cl)c2Cl)C1=O.O >> C[C@H](C(=O)O)C(=O)C(O)=Cc1c[nH]c(Cl)c1Cl,rule0035_7,C[C@@H]1C(=O)OC(=Cc2c[nH]c(Cl)c2Cl)C1=O.O>>C[C@H](C(=O)O)C(=O)C(O)=Cc1c[nH]c(Cl)c1Cl,0.67346543,1,0.95045227,1,0.58365035,0,0.9300907,1
CC[C@@H]1C(=O)OC(=Cc2c(C)[nH]c(Cl)c2Cl)C1=O.O,Cc1[nH]c(Cl)c(Cl)c1C=C1OC(O)[C@@H](CCO)C1=O,CC[C@@H]1C(=O)OC(=Cc2c(C)[nH]c(Cl)c2Cl)C1=O.O >> Cc1[nH]c(Cl)c(Cl)c1C=C1OC(O)[C@@H](CCO)C1=O,rule0070_6,CC[C@@H]1C(=O)OC(=Cc2c(C)[nH]c(Cl)c2Cl)C1=O.O>>Cc1[nH]c(Cl)c(Cl)c1C=C1OC(O)[C@@H](CCO)C1=O,1.2877594e-05,0,0.3117593,0,0.004231604,0,0.008800987,0
CC(C(=O)O)[C@@H]1C(=O)OC(=Cc2c[nH]c(Cl)c2Cl)C1=O,Cc1[nH]c(Cl)c(Cl)c1C=C1OC(=O)[C@@H](CC(=O)O)C1=O,CC(C(=O)O)[C@@H]1C(=O)OC(=Cc2c[nH]c(Cl)c2Cl)C1=O >> Cc1[nH]c(Cl)c(Cl)c1C=C1OC(=O)[C@@H](CC(=O)O)C1=O,rule0028_47,CC(C(=O)O)[C@@H]1C(=O)OC(=Cc2c[nH]c(Cl)c2Cl)C1=O>>Cc1[nH]c(Cl)c(Cl)c1C=C1OC(=O)[C@@H](CC(=O)O)C1=O,0.0002547379,0,0.017926762,0,0.49761343,0,0.57380337,0
CC[C@@]1(C)C(=O)OC(=Cc2c[nH]c(Cl)c2Cl)C1=O.O,CC(O)[C@@]1(C)C(=O)OC(=Cc2c[nH]c(Cl)c2Cl)C1O,CC[C@@]1(C)C(=O)OC(=Cc2c[nH]c(Cl)c2Cl)C1=O.O >> CC(O)[C@@]1(C)C(=O)OC(=Cc2c[nH]c(Cl)c2Cl)C1O,rule0070_6,CC[C@@]1(C)C(=O)OC(=Cc2c[nH]c(Cl)c2Cl)C1=O.O>>CC(O)[C@@]1(C)C(=O)OC(=Cc2c[nH]c(Cl)c2Cl)C1O,0.14457844,0,0.18501127,0,0.69165546,1,0.1066713,0
CC(O)[C@@H]1C(=O)OC(=Cc2c[nH]c(Cl)c2Cl)C1O,CC(=C1OC(=O)[C@@H](CO)C1O)c1c[nH]c(Cl)c1Cl,CC(O)[C@@H]1C(=O)OC(=Cc2c[nH]c(Cl)c2Cl)C1O >> CC(=C1OC(=O)[C@@H](CO)C1O)c1c[nH]c(Cl)c1Cl,rule0028_51,CC(O)[C@@H]1C(=O)OC(=Cc2c[nH]c(Cl)c2Cl)C1O>>CC(=C1OC(=O)[C@@H](CO)C1O)c1c[nH]c(Cl)c1Cl,0.09177347,0,0.54871583,0,0.33526844,0,0.20323491,0
CC[C@H](C(=O)O)C(=O)C(O)=Cc1c[nH]c(Cl)c1Cl,CC(CC(=O)C(O)=Cc1c[nH]c(Cl)c1Cl)C(=O)O,CC[C@H](C(=O)O)C(=O)C(O)=Cc1c[nH]c(Cl)c1Cl >> CC(CC(=O)C(O)=Cc1c[nH]c(Cl)c1Cl)C(=O)O,rule0028_50,CC[C@H](C(=O)O)C(=O)C(O)=Cc1c[nH]c(Cl)c1Cl>>CC(CC(=O)C(O)=Cc1c[nH]c(Cl)c1Cl)C(=O)O,0.47595024,0,0.31832796,0,0.2506649,0,0.16207072,0
C[S+](CC[C@H](N)C(=O)O)C[C@H]1O[C@@H](n2cnc3c(N)ncnc32)[C@H](O)[C@@H]1O.O=C1C(=Cc2c[nH]c(Cl)c2Cl)OC(O)[C@H]1CCO,CC(O)C[C@H]1C(=O)C(=Cc2c[nH]c(Cl)c2Cl)OC1O.Nc1ncnc2c1ncn2[C@@H]1O[C@H](CSCC[C@H](N)C(=O)O)[C@@H](O)[C@H]1O,C[S+](CC[C@H](N)C(=O)O)C[C@H]1O[C@@H](n2cnc3c(N)ncnc32)[C@H](O)[C@@H]1O.O=C1C(=Cc2c[nH]c(Cl)c2Cl)OC(O)[C@H]1CCO >> CC(O)C[C@H]1C(=O)C(=Cc2c[nH]c(Cl)c2Cl)OC1O.Nc1ncnc2c1ncn2[C@@H]1O[C@H](CSCC[C@H](N)C(=O)O)[C@@H](O)[C@H]1O,rule0043_12,C[S+](CC[C@H](N)C(=O)O)C[C@H]1O[C@@H](n2cnc3c(N)ncnc32)[C@H](O)[C@@H]1O.O=C1C(=Cc2c[nH]c(Cl)c2Cl)OC(O)[C@H]1CCO>>CC(O)C[C@H]1C(=O)C(=Cc2c[nH]c(Cl)c2Cl)OC1O.Nc1ncnc2c1ncn2[C@@H]1O[C@H](CSCC[C@H](N)C(=O)O)[C@@H](O)[C@H]1O,0.2338884,0,0.997405,1,0.3240775,0,0.6549321,0
CC(O)[C@@H]1C(=O)OC(=Cc2c[nH]c(Cl)c2Cl)C1O.C[S+](CC[C@H](N)C(=O)O)C[C@H]1O[C@@H](n2cnc3c(N)ncnc32)[C@H](O)[C@@H]1O,CCC(O)[C@@H]1C(=O)OC(=Cc2c[nH]c(Cl)c2Cl)C1O.Nc1ncnc2c1ncn2[C@@H]1O[C@H](CSCC[C@H](N)C(=O)O)[C@@H](O)[C@H]1O,CC(O)[C@@H]1C(=O)OC(=Cc2c[nH]c(Cl)c2Cl)C1O.C[S+](CC[C@H](N)C(=O)O)C[C@H]1O[C@@H](n2cnc3c(N)ncnc32)[C@H](O)[C@@H]1O >> CCC(O)[C@@H]1C(=O)OC(=Cc2c[nH]c(Cl)c2Cl)C1O.Nc1ncnc2c1ncn2[C@@H]1O[C@H](CSCC[C@H](N)C(=O)O)[C@@H](O)[C@H]1O,rule0043_12,CC(O)[C@@H]1C(=O)OC(=Cc2c[nH]c(Cl)c2Cl)C1O.C[S+](CC[C@H](N)C(=O)O)C[C@H]1O[C@@H](n2cnc3c(N)ncnc32)[C@H](O)[C@@H]1O>>CCC(O)[C@@H]1C(=O)OC(=Cc2c[nH]c(Cl)c2Cl)C1O.Nc1ncnc2c1ncn2[C@@H]1O[C@H](CSCC[C@H](N)C(=O)O)[C@@H](O)[C@H]1O,0.6147,1,0.89506924,1,0.27691865,0,0.2825578,0
CC[C@H](C(=O)O)C(=O)C(O)=Cc1c[nH]c(Cl)c1Cl,CCc1[nH]c(Cl)c(Cl)c1C=C(O)C(=O)CC(=O)O,CC[C@H](C(=O)O)C(=O)C(O)=Cc1c[nH]c(Cl)c1Cl >> CCc1[nH]c(Cl)c(Cl)c1C=C(O)C(=O)CC(=O)O,rule0028_47,CC[C@H](C(=O)O)C(=O)C(O)=Cc1c[nH]c(Cl)c1Cl>>CCc1[nH]c(Cl)c(Cl)c1C=C(O)C(=O)CC(=O)O,0.043126084,0,0.23466948,0,0.23338445,0,0.12950428,0
CCC[C@@H]1C(=O)OC(=Cc2c[nH]c(Cl)c2Cl)C1=O.O,O=C1OC(=Cc2c[nH]c(Cl)c2Cl)C(O)[C@@H]1CCCO,CCC[C@@H]1C(=O)OC(=Cc2c[nH]c(Cl)c2Cl)C1=O.O >> O=C1OC(=Cc2c[nH]c(Cl)c2Cl)C(O)[C@@H]1CCCO,rule0070_6,CCC[C@@H]1C(=O)OC(=Cc2c[nH]c(Cl)c2Cl)C1=O.O>>O=C1OC(=Cc2c[nH]c(Cl)c2Cl)C(O)[C@@H]1CCCO,0.0013172689,0,0.26736364,0,0.008303095,0,0.04337693,0
CC[C@@]1(C)C(=O)OC(=Cc2c[nH]c(Cl)c2Cl)C1=O.NC(=O)C1=CN([C@@H]2O[C@H](COP(=O)(O)OP(=O)(O)OC[C@H]3O[C@@H](n4cnc5c(N)ncnc54)[C@H](OP(=O)(O)O)[C@@H]3O)[C@@H](O)[C@H]2O)C=CC1.O=O,C[C@]1(CCO)C(=O)OC(=Cc2c[nH]c(Cl)c2Cl)C1=O.NC(=O)c1ccc[n+]([C@@H]2O[C@H](COP(=O)(O)OP(=O)(O)OC[C@H]3O[C@@H](n4cnc5c(N)ncnc54)[C@H](OP(=O)(O)O)[C@@H]3O)[C@@H](O)[C@H]2O)c1.O,CC[C@@]1(C)C(=O)OC(=Cc2c[nH]c(Cl)c2Cl)C1=O.NC(=O)C1=CN([C@@H]2O[C@H](COP(=O)(O)OP(=O)(O)OC[C@H]3O[C@@H](n4cnc5c(N)ncnc54)[C@H](OP(=O)(O)O)[C@@H]3O)[C@@H](O)[C@H]2O)C=CC1.O=O >> C[C@]1(CCO)C(=O)OC(=Cc2c[nH]c(Cl)c2Cl)C1=O.NC(=O)c1ccc[n+]([C@@H]2O[C@H](COP(=O)(O)OP(=O)(O)OC[C@H]3O[C@@H](n4cnc5c(N)ncnc54)[C@H](OP(=O)(O)O)[C@@H]3O)[C@@H](O)[C@H]2O)c1.O,rule0004_13,CC[C@@]1(C)C(=O)OC(=Cc2c[nH]c(Cl)c2Cl)C1=O.NC(=O)C1=CN([C@@H]2O[C@H](COP(=O)(O)OP(=O)(O)OC[C@H]3O[C@@H](n4cnc5c(N)ncnc54)[C@H](OP(=O)(O)O)[C@@H]3O)[C@@H](O)[C@H]2O)C=CC1.O=O>>C[C@]1(CCO)C(=O)OC(=Cc2c[nH]c(Cl)c2Cl)C1=O.NC(=O)c1ccc[n+]([C@@H]2O[C@H](COP(=O)(O)OP(=O)(O)OC[C@H]3O[C@@H](n4cnc5c(N)ncnc54)[C@H](OP(=O)(O)O)[C@@H]3O)[C@@H](O)[C@H]2O)c1.O,0.11867476,0,0.1192304,0,0.82590985,1,0.62736315,0
CC[C@@H]1C(=O)OC(=C(C)c2c[nH]c(Cl)c2Cl)C1=O.O,CC[C@H](C(=O)O)C(=O)C(O)=C(C)c1c[nH]c(Cl)c1Cl,CC[C@@H]1C(=O)OC(=C(C)c2c[nH]c(Cl)c2Cl)C1=O.O >> CC[C@H](C(=O)O)C(=O)C(O)=C(C)c1c[nH]c(Cl)c1Cl,rule0035_7,CC[C@@H]1C(=O)OC(=C(C)c2c[nH]c(Cl)c2Cl)C1=O.O>>CC[C@H](C(=O)O)C(=O)C(O)=C(C)c1c[nH]c(Cl)c1Cl,0.67776793,1,0.7754797,1,0.5927369,0,0.68160135,1
CC(=C1OC(=O)[C@@H](C)C1=O)c1c[nH]c(Cl)c1Cl.CC(=C1OC(=O)[C@@H](C)C1=O)c1c[nH]c(Cl)c1Cl,CC(=C1OC(=O)C(C)(C)C1=O)c1c[nH]c(Cl)c1Cl.C[C@@H]1C(=O)OC(=Cc2c[nH]c(Cl)c2Cl)C1=O,CC(=C1OC(=O)[C@@H](C)C1=O)c1c[nH]c(Cl)c1Cl.CC(=C1OC(=O)[C@@H](C)C1=O)c1c[nH]c(Cl)c1Cl >> CC(=C1OC(=O)C(C)(C)C1=O)c1c[nH]c(Cl)c1Cl.C[C@@H]1C(=O)OC(=Cc2c[nH]c(Cl)c2Cl)C1=O,rule0126_2,CC(=C1OC(=O)[C@@H](C)C1=O)c1c[nH]c(Cl)c1Cl.CC(=C1OC(=O)[C@@H](C)C1=O)c1c[nH]c(Cl)c1Cl>>CC(=C1OC(=O)C(C)(C)C1=O)c1c[nH]c(Cl)c1Cl.C[C@@H]1C(=O)OC(=Cc2c[nH]c(Cl)c2Cl)C1=O,0.010228882,0,0.0010233091,0,0.019396294,0,0.3181918,0
CC(O)[C@@H]1C(=O)OC(=Cc2c[nH]c(Cl)c2Cl)C1O.C[S+](CC[C@H](N)C(=O)O)C[C@H]1O[C@@H](n2cnc3c(N)ncnc32)[C@H](O)[C@@H]1O,COC(C)[C@@H]1C(=O)OC(=Cc2c[nH]c(Cl)c2Cl)C1O.Nc1ncnc2c1ncn2[C@@H]1O[C@H](CSCC[C@H](N)C(=O)O)[C@@H](O)[C@H]1O,CC(O)[C@@H]1C(=O)OC(=Cc2c[nH]c(Cl)c2Cl)C1O.C[S+](CC[C@H](N)C(=O)O)C[C@H]1O[C@@H](n2cnc3c(N)ncnc32)[C@H](O)[C@@H]1O >> COC(C)[C@@H]1C(=O)OC(=Cc2c[nH]c(Cl)c2Cl)C1O.Nc1ncnc2c1ncn2[C@@H]1O[C@H](CSCC[C@H](N)C(=O)O)[C@@H](O)[C@H]1O,rule0011_50,CC(O)[C@@H]1C(=O)OC(=Cc2c[nH]c(Cl)c2Cl)C1O.C[S+](CC[C@H](N)C(=O)O)C[C@H]1O[C@@H](n2cnc3c(N)ncnc32)[C@H](O)[C@@H]1O>>COC(C)[C@@H]1C(=O)OC(=Cc2c[nH]c(Cl)c2Cl)C1O.Nc1ncnc2c1ncn2[C@@H]1O[C@H](CSCC[C@H](N)C(=O)O)[C@@H](O)[C@H]1O,0.36831978,0,0.74289364,1,0.13291565,0,0.008536469,0
O=C1OC(=Cc2c[nH]c(Cl)c2Cl)C(=O)[C@@H]1CCO.O=C1OC(=Cc2c[nH]c(Cl)c2Cl)C(=O)[C@@H]1CCO,C[C@@H]1C(=O)OC(=Cc2c[nH]c(Cl)c2Cl)C1=O.O=C1OC(=Cc2c[nH]c(Cl)c2Cl)C(=O)[C@@]1(CO)CCO,O=C1OC(=Cc2c[nH]c(Cl)c2Cl)C(=O)[C@@H]1CCO.O=C1OC(=Cc2c[nH]c(Cl)c2Cl)C(=O)[C@@H]1CCO >> C[C@@H]1C(=O)OC(=Cc2c[nH]c(Cl)c2Cl)C1=O.O=C1OC(=Cc2c[nH]c(Cl)c2Cl)C(=O)[C@@]1(CO)CCO,rule0126_2,O=C1OC(=Cc2c[nH]c(Cl)c2Cl)C(=O)[C@@H]1CCO.O=C1OC(=Cc2c[nH]c(Cl)c2Cl)C(=O)[C@@H]1CCO>>C[C@@H]1C(=O)OC(=Cc2c[nH]c(Cl)c2Cl)C1=O.O=C1OC(=Cc2c[nH]c(Cl)c2Cl)C(=O)[C@@]1(CO)CCO,0.018052813,0,0.008759475,0,0.0061198683,0,0.6007816,0
CC[C@H](C(=O)O)C(=O)C(O)=Cc1c[nH]c(Cl)c1Cl.C[S+](CC[C@H](N)C(=O)O)C[C@H]1O[C@@H](n2cnc3c(N)ncnc32)[C@H](O)[C@@H]1O,CC[C@@](C)(C(=O)O)C(=O)C(O)=Cc1c[nH]c(Cl)c1Cl.Nc1ncnc2c1ncn2[C@@H]1O[C@H](CSCC[C@H](N)C(=O)O)[C@@H](O)[C@H]1O,CC[C@H](C(=O)O)C(=O)C(O)=Cc1c[nH]c(Cl)c1Cl.C[S+](CC[C@H](N)C(=O)O)C[C@H]1O[C@@H](n2cnc3c(N)ncnc32)[C@H](O)[C@@H]1O >> CC[C@@](C)(C(=O)O)C(=O)C(O)=Cc1c[nH]c(Cl)c1Cl.Nc1ncnc2c1ncn2[C@@H]1O[C@H](CSCC[C@H](N)C(=O)O)[C@@H](O)[C@H]1O,rule0043_12,CC[C@H](C(=O)O)C(=O)C(O)=Cc1c[nH]c(Cl)c1Cl.C[S+](CC[C@H](N)C(=O)O)C[C@H]1O[C@@H](n2cnc3c(N)ncnc32)[C@H](O)[C@@H]1O>>CC[C@@](C)(C(=O)O)C(=O)C(O)=Cc1c[nH]c(Cl)c1Cl.Nc1ncnc2c1ncn2[C@@H]1O[C@H](CSCC[C@H](N)C(=O)O)[C@@H](O)[C@H]1O,0.026206594,0,0.037267596,0,0.001993789,0,0.00014675404,0
CCC(=C1OC(=O)CC1=O)c1c[nH]c(Cl)c1Cl,CCC1C(=O)OC(=Cc2c[nH]c(Cl)c2Cl)C1=O,CCC(=C1OC(=O)CC1=O)c1c[nH]c(Cl)c1Cl >> CCC1C(=O)OC(=Cc2c[nH]c(Cl)c2Cl)C1=O,rule0028_51,CCC(=C1OC(=O)CC1=O)c1c[nH]c(Cl)c1Cl>>CCC1C(=O)OC(=Cc2c[nH]c(Cl)c2Cl)C1=O,0.00940046,0,0.019134281,0,0.46705097,0,0.4931193,0
CC[C@@H]1C(=O)OC(=C(C)c2c[nH]c(Cl)c2Cl)C1=O,CC[C@@H]1C(=O)OC(=C(C)c2cc(Cl)c(Cl)[nH]2)C1=O,CC[C@@H]1C(=O)OC(=C(C)c2c[nH]c(Cl)c2Cl)C1=O >> CC[C@@H]1C(=O)OC(=C(C)c2cc(Cl)c(Cl)[nH]2)C1=O,rule0028_51,CC[C@@H]1C(=O)OC(=C(C)c2c[nH]c(Cl)c2Cl)C1=O>>CC[C@@H]1C(=O)OC(=C(C)c2cc(Cl)c(Cl)[nH]2)C1=O,0.09693499,0,0.4970512,0,0.9068097,1,0.65261126,0
CC(O)[C@@H]1C(=O)OC(=Cc2c[nH]c(Cl)c2Cl)C1=O.C[S+](CC[C@H](N)C(=O)O)C[C@H]1O[C@@H](n2cnc3c(N)ncnc32)[C@H](O)[C@@H]1O,COC(C)[C@@H]1C(=O)OC(=Cc2c[nH]c(Cl)c2Cl)C1=O.Nc1ncnc2c1ncn2[C@@H]1O[C@H](CSCC[C@H](N)C(=O)O)[C@@H](O)[C@H]1O,CC(O)[C@@H]1C(=O)OC(=Cc2c[nH]c(Cl)c2Cl)C1=O.C[S+](CC[C@H](N)C(=O)O)C[C@H]1O[C@@H](n2cnc3c(N)ncnc32)[C@H](O)[C@@H]1O >> COC(C)[C@@H]1C(=O)OC(=Cc2c[nH]c(Cl)c2Cl)C1=O.Nc1ncnc2c1ncn2[C@@H]1O[C@H](CSCC[C@H](N)C(=O)O)[C@@H](O)[C@H]1O,rule0011_50,CC(O)[C@@H]1C(=O)OC(=Cc2c[nH]c(Cl)c2Cl)C1=O.C[S+](CC[C@H](N)C(=O)O)C[C@H]1O[C@@H](n2cnc3c(N)ncnc32)[C@H](O)[C@@H]1O>>COC(C)[C@@H]1C(=O)OC(=Cc2c[nH]c(Cl)c2Cl)C1=O.Nc1ncnc2c1ncn2[C@@H]1O[C@H](CSCC[C@H](N)C(=O)O)[C@@H](O)[C@H]1O,0.028921608,0,0.7662302,1,0.15916812,0,0.16986807,0
CC[C@@]1(C)C(=O)OC(=Cc2c[nH]c(Cl)c2Cl)C1=O.O,C[C@]1(CCO)C(=O)OC(=Cc2c[nH]c(Cl)c2Cl)C1O,CC[C@@]1(C)C(=O)OC(=Cc2c[nH]c(Cl)c2Cl)C1=O.O >> C[C@]1(CCO)C(=O)OC(=Cc2c[nH]c(Cl)c2Cl)C1O,rule0070_6,CC[C@@]1(C)C(=O)OC(=Cc2c[nH]c(Cl)c2Cl)C1=O.O>>C[C@]1(CCO)C(=O)OC(=Cc2c[nH]c(Cl)c2Cl)C1O,0.0007313807,0,0.016205098,0,0.3644598,0,0.18105051,0
CC(C(=O)O)[C@@H]1C(=O)OC(=Cc2c[nH]c(Cl)c2Cl)C1=O,CC[C@@H]1C(=O)OC(=Cc2c(C(=O)O)[nH]c(Cl)c2Cl)C1=O,CC(C(=O)O)[C@@H]1C(=O)OC(=Cc2c[nH]c(Cl)c2Cl)C1=O >> CC[C@@H]1C(=O)OC(=Cc2c(C(=O)O)[nH]c(Cl)c2Cl)C1=O,rule0028_50,CC(C(=O)O)[C@@H]1C(=O)OC(=Cc2c[nH]c(Cl)c2Cl)C1=O>>CC[C@@H]1C(=O)OC(=Cc2c(C(=O)O)[nH]c(Cl)c2Cl)C1=O,0.0059614275,0,0.1698864,0,0.8331982,1,0.92351925,1
CC[C@@H]1C(=O)OC(=Cc2c[nH]c(Cl)c2Cl)C1=O.O,O=C1C(=Cc2c[nH]c(Cl)c2Cl)OC(O)[C@H]1CCO,CC[C@@H]1C(=O)OC(=Cc2c[nH]c(Cl)c2Cl)C1=O.O >> O=C1C(=Cc2c[nH]c(Cl)c2Cl)OC(O)[C@H]1CCO,rule0070_6,CC[C@@H]1C(=O)OC(=Cc2c[nH]c(Cl)c2Cl)C1=O.O>>O=C1C(=Cc2c[nH]c(Cl)c2Cl)OC(O)[C@H]1CCO,1.6448861e-05,0,0.5151474,0,0.022759113,0,0.0037382462,0
O.O=C1OC(=Cc2c[nH]c(Cl)c2Cl)C(O)[C@@H]1CCO,O=C(O)[C@@H](CCO)C(O)C(O)=Cc1c[nH]c(Cl)c1Cl,O.O=C1OC(=Cc2c[nH]c(Cl)c2Cl)C(O)[C@@H]1CCO >> O=C(O)[C@@H](CCO)C(O)C(O)=Cc1c[nH]c(Cl)c1Cl,rule0035_7,O.O=C1OC(=Cc2c[nH]c(Cl)c2Cl)C(O)[C@@H]1CCO>>O=C(O)[C@@H](CCO)C(O)C(O)=Cc1c[nH]c(Cl)c1Cl,0.7944138,1,0.17242454,0,0.94735426,1,0.94890696,1
C[S+](CC[C@H](N)C(=O)O)C[C@H]1O[C@@H](n2cnc3c(N)ncnc32)[C@H](O)[C@@H]1O.O=C1C(=Cc2c[nH]c(Cl)c2Cl)OC(O)[C@H]1CCO,COCC[C@H]1C(=O)C(=Cc2c[nH]c(Cl)c2Cl)OC1O.Nc1ncnc2c1ncn2[C@@H]1O[C@H](CSCC[C@H](N)C(=O)O)[C@@H](O)[C@H]1O,C[S+](CC[C@H](N)C(=O)O)C[C@H]1O[C@@H](n2cnc3c(N)ncnc32)[C@H](O)[C@@H]1O.O=C1C(=Cc2c[nH]c(Cl)c2Cl)OC(O)[C@H]1CCO >> COCC[C@H]1C(=O)C(=Cc2c[nH]c(Cl)c2Cl)OC1O.Nc1ncnc2c1ncn2[C@@H]1O[C@H](CSCC[C@H](N)C(=O)O)[C@@H](O)[C@H]1O,rule0011_50,C[S+](CC[C@H](N)C(=O)O)C[C@H]1O[C@@H](n2cnc3c(N)ncnc32)[C@H](O)[C@@H]1O.O=C1C(=Cc2c[nH]c(Cl)c2Cl)OC(O)[C@H]1CCO>>COCC[C@H]1C(=O)C(=Cc2c[nH]c(Cl)c2Cl)OC1O.Nc1ncnc2c1ncn2[C@@H]1O[C@H](CSCC[C@H](N)C(=O)O)[C@@H](O)[C@H]1O,0.8926825,1,0.9948836,1,0.12179039,0,0.92199457,1
CC[C@H](C(=O)O)C(=O)C(O)=Cc1c[nH]c(Cl)c1Cl.OO,CC[C@@H](C(=O)C(O)=Cc1c[nH]c(Cl)c1Cl)C(O)O.O=O,CC[C@H](C(=O)O)C(=O)C(O)=Cc1c[nH]c(Cl)c1Cl.OO >> CC[C@@H](C(=O)C(O)=Cc1c[nH]c(Cl)c1Cl)C(O)O.O=O,rule0078_14,CC[C@H](C(=O)O)C(=O)C(O)=Cc1c[nH]c(Cl)c1Cl.OO>>CC[C@@H](C(=O)C(O)=Cc1c[nH]c(Cl)c1Cl)C(O)O.O=O,2.1754251e-05,0,4.1924053e-05,0,0.002003013,0,0.0016719715,0
N.O=C(O)CC[C@@H]1C(=O)OC(=Cc2c[nH]c(Cl)c2Cl)C1=O,N#CCC[C@@H]1C(=O)OC(=Cc2c[nH]c(Cl)c2Cl)C1=O.O.O,N.O=C(O)CC[C@@H]1C(=O)OC(=Cc2c[nH]c(Cl)c2Cl)C1=O >> N#CCC[C@@H]1C(=O)OC(=Cc2c[nH]c(Cl)c2Cl)C1=O.O.O,rule0242_3,N.O=C(O)CC[C@@H]1C(=O)OC(=Cc2c[nH]c(Cl)c2Cl)C1=O>>N#CCC[C@@H]1C(=O)OC(=Cc2c[nH]c(Cl)c2Cl)C1=O.O.O,0.0011672226,0,0.0003554925,0,0.15208258,0,0.05118364,0
NC(=O)C1=CN([C@@H]2O[C@H](COP(=O)(O)OP(=O)(O)OC[C@H]3O[C@@H](n4cnc5c(N)ncnc54)[C@H](OP(=O)(O)O)[C@@H]3O)[C@@H](O)[C@H]2O)C=CC1.O=C(O)CC[C@@H]1C(=O)OC(=Cc2c[nH]c(Cl)c2Cl)C1=O,NC(=O)c1ccc[n+]([C@@H]2O[C@H](COP(=O)(O)OP(=O)(O)OC[C@H]3O[C@@H](n4cnc5c(N)ncnc54)[C@H](OP(=O)(O)O)[C@@H]3O)[C@@H](O)[C@H]2O)c1.O.O=CCC[C@@H]1C(=O)OC(=Cc2c[nH]c(Cl)c2Cl)C1=O,NC(=O)C1=CN([C@@H]2O[C@H](COP(=O)(O)OP(=O)(O)OC[C@H]3O[C@@H](n4cnc5c(N)ncnc54)[C@H](OP(=O)(O)O)[C@@H]3O)[C@@H](O)[C@H]2O)C=CC1.O=C(O)CC[C@@H]1C(=O)OC(=Cc2c[nH]c(Cl)c2Cl)C1=O >> NC(=O)c1ccc[n+]([C@@H]2O[C@H](COP(=O)(O)OP(=O)(O)OC[C@H]3O[C@@H](n4cnc5c(N)ncnc54)[C@H](OP(=O)(O)O)[C@@H]3O)[C@@H](O)[C@H]2O)c1.O.O=CCC[C@@H]1C(=O)OC(=Cc2c[nH]c(Cl)c2Cl)C1=O,rule0025_35,NC(=O)C1=CN([C@@H]2O[C@H](COP(=O)(O)OP(=O)(O)OC[C@H]3O[C@@H](n4cnc5c(N)ncnc54)[C@H](OP(=O)(O)O)[C@@H]3O)[C@@H](O)[C@H]2O)C=CC1.O=C(O)CC[C@@H]1C(=O)OC(=Cc2c[nH]c(Cl)c2Cl)C1=O>>NC(=O)c1ccc[n+]([C@@H]2O[C@H](COP(=O)(O)OP(=O)(O)OC[C@H]3O[C@@H](n4cnc5c(N)ncnc54)[C@H](OP(=O)(O)O)[C@@H]3O)[C@@H](O)[C@H]2O)c1.O.O=CCC[C@@H]1C(=O)OC(=Cc2c[nH]c(Cl)c2Cl)C1=O,0.0009199003,0,9.8622404e-05,0,0.0048967707,0,0.08846355,0
CC[C@@H]1C(=O)OC(=Cc2c[nH]c(Cl)c2Cl)C1=O.CC[C@@H]1C(=O)OC(=Cc2c[nH]c(Cl)c2Cl)C1=O,CC(C)[C@@H]1C(=O)OC(=Cc2c[nH]c(Cl)c2Cl)C1=O.C[C@@H]1C(=O)OC(=Cc2c[nH]c(Cl)c2Cl)C1=O,CC[C@@H]1C(=O)OC(=Cc2c[nH]c(Cl)c2Cl)C1=O.CC[C@@H]1C(=O)OC(=Cc2c[nH]c(Cl)c2Cl)C1=O >> CC(C)[C@@H]1C(=O)OC(=Cc2c[nH]c(Cl)c2Cl)C1=O.C[C@@H]1C(=O)OC(=Cc2c[nH]c(Cl)c2Cl)C1=O,rule0126_2,CC[C@@H]1C(=O)OC(=Cc2c[nH]c(Cl)c2Cl)C1=O.CC[C@@H]1C(=O)OC(=Cc2c[nH]c(Cl)c2Cl)C1=O>>CC(C)[C@@H]1C(=O)OC(=Cc2c[nH]c(Cl)c2Cl)C1=O.C[C@@H]1C(=O)OC(=Cc2c[nH]c(Cl)c2Cl)C1=O,0.0008488488,0,0.0019498653,0,0.0015663407,0,0.0050321557,0
CC(O)[C@@H]1C(=O)OC(=Cc2c[nH]c(Cl)c2Cl)C1=O.CC(O)[C@@H]1C(=O)OC(=Cc2c[nH]c(Cl)c2Cl)C1=O,CC(=C1OC(=O)[C@@H](C(C)O)C1=O)c1c[nH]c(Cl)c1Cl.O=C1OC(=Cc2c[nH]c(Cl)c2Cl)C(=O)[C@@H]1CO,CC(O)[C@@H]1C(=O)OC(=Cc2c[nH]c(Cl)c2Cl)C1=O.CC(O)[C@@H]1C(=O)OC(=Cc2c[nH]c(Cl)c2Cl)C1=O >> CC(=C1OC(=O)[C@@H](C(C)O)C1=O)c1c[nH]c(Cl)c1Cl.O=C1OC(=Cc2c[nH]c(Cl)c2Cl)C(=O)[C@@H]1CO,rule0126_2,CC(O)[C@@H]1C(=O)OC(=Cc2c[nH]c(Cl)c2Cl)C1=O.CC(O)[C@@H]1C(=O)OC(=Cc2c[nH]c(Cl)c2Cl)C1=O>>CC(=C1OC(=O)[C@@H](C(C)O)C1=O)c1c[nH]c(Cl)c1Cl.O=C1OC(=Cc2c[nH]c(Cl)c2Cl)C(=O)[C@@H]1CO,0.025519444,0,0.0004895024,0,0.0015118006,0,0.99347174,1
O=C(O)CC[C@@H]1C(=O)OC(=Cc2c[nH]c(Cl)c2Cl)C1=O,O=C1OC2=C(c3c[nH]c(Cl)c3Cl)OC(O)CC[C@H]1C2=O,O=C(O)CC[C@@H]1C(=O)OC(=Cc2c[nH]c(Cl)c2Cl)C1=O >> O=C1OC2=C(c3c[nH]c(Cl)c3Cl)OC(O)CC[C@H]1C2=O,rule0169_1,O=C(O)CC[C@@H]1C(=O)OC(=Cc2c[nH]c(Cl)c2Cl)C1=O>>O=C1OC2=C(c3c[nH]c(Cl)c3Cl)OC(O)CC[C@H]1C2=O,0.010925697,0,0.020252503,0,0.44052726,0,0.02031439,0
CC(C(=O)O)[C@@H]1C(=O)OC(=Cc2c[nH]c(Cl)c2Cl)C1=O.O=O,CC(=O)[C@@H]1C(=O)OC(=Cc2c[nH]c(Cl)c2Cl)C1=O.O.O=C=O,CC(C(=O)O)[C@@H]1C(=O)OC(=Cc2c[nH]c(Cl)c2Cl)C1=O.O=O >> CC(=O)[C@@H]1C(=O)OC(=Cc2c[nH]c(Cl)c2Cl)C1=O.O.O=C=O,rule0352_2,CC(C(=O)O)[C@@H]1C(=O)OC(=Cc2c[nH]c(Cl)c2Cl)C1=O.O=O>>CC(=O)[C@@H]1C(=O)OC(=Cc2c[nH]c(Cl)c2Cl)C1=O.O.O=C=O,0.6349612,1,0.39881662,0,0.9709806,1,0.9038931,1
CC(C(=O)O)[C@@H]1C(=O)OC(=Cc2c[nH]c(Cl)c2Cl)C1=O,O.O=C1CC1[C@@H]1C(=O)OC(=Cc2c[nH]c(Cl)c2Cl)C1=O,CC(C(=O)O)[C@@H]1C(=O)OC(=Cc2c[nH]c(Cl)c2Cl)C1=O >> O.O=C1CC1[C@@H]1C(=O)OC(=Cc2c[nH]c(Cl)c2Cl)C1=O,rule0245_1,CC(C(=O)O)[C@@H]1C(=O)OC(=Cc2c[nH]c(Cl)c2Cl)C1=O>>O.O=C1CC1[C@@H]1C(=O)OC(=Cc2c[nH]c(Cl)c2Cl)C1=O,0.017558506,0,0.0027439478,0,0.1303449,0,0.279725,0
CC[C@H](C(=O)O)C(=O)C(O)=Cc1c[nH]c(Cl)c1Cl.Cl,CC[C@H](C(=O)Cl)C(=O)C(O)=Cc1c[nH]c(Cl)c1Cl.O,CC[C@H](C(=O)O)C(=O)C(O)=Cc1c[nH]c(Cl)c1Cl.Cl >> CC[C@H](C(=O)Cl)C(=O)C(O)=Cc1c[nH]c(Cl)c1Cl.O,rule0183_6,CC[C@H](C(=O)O)C(=O)C(O)=Cc1c[nH]c(Cl)c1Cl.Cl>>CC[C@H](C(=O)Cl)C(=O)C(O)=Cc1c[nH]c(Cl)c1Cl.O,0.5146177,0,0.9449888,1,0.2849314,0,0.33925703,0
CC[C@@H]1C(=O)OC(=C(C)c2c[nH]c(Cl)c2Cl)C1=O,CC[C@@H]1C(=O)OC(=Cc2c(C)[nH]c(Cl)c2Cl)C1=O,CC[C@@H]1C(=O)OC(=C(C)c2c[nH]c(Cl)c2Cl)C1=O >> CC[C@@H]1C(=O)OC(=Cc2c(C)[nH]c(Cl)c2Cl)C1=O,rule0028_51,CC[C@@H]1C(=O)OC(=C(C)c2c[nH]c(Cl)c2Cl)C1=O>>CC[C@@H]1C(=O)OC(=Cc2c(C)[nH]c(Cl)c2Cl)C1=O,0.0015224622,0,0.17995459,0,0.38708284,0,0.22935769,0
CC[C@H](C(=O)O)C(=O)C(O)=Cc1c[nH]c(Cl)c1Cl.O,O=C(C(O)=Cc1c[nH]c(Cl)c1Cl)[C@H](CCO)C(O)O,CC[C@H](C(=O)O)C(=O)C(O)=Cc1c[nH]c(Cl)c1Cl.O >> O=C(C(O)=Cc1c[nH]c(Cl)c1Cl)[C@H](CCO)C(O)O,rule0070_6,CC[C@H](C(=O)O)C(=O)C(O)=Cc1c[nH]c(Cl)c1Cl.O>>O=C(C(O)=Cc1c[nH]c(Cl)c1Cl)[C@H](CCO)C(O)O,0.003039034,0,0.00890964,0,0.005099598,0,0.0019458308,0
CC[C@@H]1C(=O)OC(=Cc2c[nH]c(Cl)c2Cl)C1=O.NC(=O)C1=CN([C@@H]2O[C@H](COP(=O)(O)OP(=O)(O)OC[C@H]3O[C@@H](n4cnc5c(N)ncnc54)[C@H](OP(=O)(O)O)[C@@H]3O)[C@@H](O)[C@H]2O)C=CC1.O=O,NC(=O)c1ccc[n+]([C@@H]2O[C@H](COP(=O)(O)OP(=O)(O)OC[C@H]3O[C@@H](n4cnc5c(N)ncnc54)[C@H](OP(=O)(O)O)[C@@H]3O)[C@@H](O)[C@H]2O)c1.O.O=C1OC(=Cc2c[nH]c(Cl)c2Cl)C(=O)[C@@H]1CCO,CC[C@@H]1C(=O)OC(=Cc2c[nH]c(Cl)c2Cl)C1=O.NC(=O)C1=CN([C@@H]2O[C@H](COP(=O)(O)OP(=O)(O)OC[C@H]3O[C@@H](n4cnc5c(N)ncnc54)[C@H](OP(=O)(O)O)[C@@H]3O)[C@@H](O)[C@H]2O)C=CC1.O=O >> NC(=O)c1ccc[n+]([C@@H]2O[C@H](COP(=O)(O)OP(=O)(O)OC[C@H]3O[C@@H](n4cnc5c(N)ncnc54)[C@H](OP(=O)(O)O)[C@@H]3O)[C@@H](O)[C@H]2O)c1.O.O=C1OC(=Cc2c[nH]c(Cl)c2Cl)C(=O)[C@@H]1CCO,rule0004_13,CC[C@@H]1C(=O)OC(=Cc2c[nH]c(Cl)c2Cl)C1=O.NC(=O)C1=CN([C@@H]2O[C@H](COP(=O)(O)OP(=O)(O)OC[C@H]3O[C@@H](n4cnc5c(N)ncnc54)[C@H](OP(=O)(O)O)[C@@H]3O)[C@@H](O)[C@H]2O)C=CC1.O=O>>NC(=O)c1ccc[n+]([C@@H]2O[C@H](COP(=O)(O)OP(=O)(O)OC[C@H]3O[C@@H](n4cnc5c(N)ncnc54)[C@H](OP(=O)(O)O)[C@@H]3O)[C@@H](O)[C@H]2O)c1.O.O=C1OC(=Cc2c[nH]c(Cl)c2Cl)C(=O)[C@@H]1CCO,0.0033606917,0,0.09306821,0,0.056614287,0,0.27480844,0
CC(O)[C@@H]1C(=O)OC(=Cc2c[nH]c(Cl)c2Cl)C1O,CC=O.O=C1CC(O)C(=Cc2c[nH]c(Cl)c2Cl)O1,CC(O)[C@@H]1C(=O)OC(=Cc2c[nH]c(Cl)c2Cl)C1O >> CC=O.O=C1CC(O)C(=Cc2c[nH]c(Cl)c2Cl)O1,rule0053_20,CC(O)[C@@H]1C(=O)OC(=Cc2c[nH]c(Cl)c2Cl)C1O>>CC=O.O=C1CC(O)C(=Cc2c[nH]c(Cl)c2Cl)O1,0.9786997,1,0.9568302,1,0.93742234,1,0.86859703,1
C[S+](CC[C@H](N)C(=O)O)C[C@H]1O[C@@H](n2cnc3c(N)ncnc32)[C@H](O)[C@@H]1O.O=C1C(=Cc2c[nH]c(Cl)c2Cl)OC(O)[C@H]1CCO,COC1OC(=Cc2c[nH]c(Cl)c2Cl)C(=O)[C@@H]1CCO.Nc1ncnc2c1ncn2[C@@H]1O[C@H](CSCC[C@H](N)C(=O)O)[C@@H](O)[C@H]1O,C[S+](CC[C@H](N)C(=O)O)C[C@H]1O[C@@H](n2cnc3c(N)ncnc32)[C@H](O)[C@@H]1O.O=C1C(=Cc2c[nH]c(Cl)c2Cl)OC(O)[C@H]1CCO >> COC1OC(=Cc2c[nH]c(Cl)c2Cl)C(=O)[C@@H]1CCO.Nc1ncnc2c1ncn2[C@@H]1O[C@H](CSCC[C@H](N)C(=O)O)[C@@H](O)[C@H]1O,rule0011_51,C[S+](CC[C@H](N)C(=O)O)C[C@H]1O[C@@H](n2cnc3c(N)ncnc32)[C@H](O)[C@@H]1O.O=C1C(=Cc2c[nH]c(Cl)c2Cl)OC(O)[C@H]1CCO>>COC1OC(=Cc2c[nH]c(Cl)c2Cl)C(=O)[C@@H]1CCO.Nc1ncnc2c1ncn2[C@@H]1O[C@H](CSCC[C@H](N)C(=O)O)[C@@H](O)[C@H]1O,0.5283768,0,0.99907386,1,0.058258623,0,0.7328858,1
CCC(=C1OC(=O)CC1=O)c1c[nH]c(Cl)c1Cl.O,CCC(c1c[nH]c(Cl)c1Cl)C1(O)OC(=O)CC1=O,CCC(=C1OC(=O)CC1=O)c1c[nH]c(Cl)c1Cl.O >> CCC(c1c[nH]c(Cl)c1Cl)C1(O)OC(=O)CC1=O,rule0020_19,CCC(=C1OC(=O)CC1=O)c1c[nH]c(Cl)c1Cl.O>>CCC(c1c[nH]c(Cl)c1Cl)C1(O)OC(=O)CC1=O,0.007860543,0,0.002245843,0,0.5847083,0,0.10623673,0
CC[C@@H]1C(=O)OC(=C(C)c2c[nH]c(Cl)c2Cl)C1=O,CCC(=C1OC(=O)[C@@H](C)C1=O)c1c[nH]c(Cl)c1Cl,CC[C@@H]1C(=O)OC(=C(C)c2c[nH]c(Cl)c2Cl)C1=O >> CCC(=C1OC(=O)[C@@H](C)C1=O)c1c[nH]c(Cl)c1Cl,rule0028_51,CC[C@@H]1C(=O)OC(=C(C)c2c[nH]c(Cl)c2Cl)C1=O>>CCC(=C1OC(=O)[C@@H](C)C1=O)c1c[nH]c(Cl)c1Cl,0.05757381,0,0.16399811,0,0.8502715,1,0.030458631,0
CCC[C@@H]1C(=O)OC(=Cc2c[nH]c(Cl)c2Cl)C1=O.O,CCC(O)[C@H]1C(=O)C(=Cc2c[nH]c(Cl)c2Cl)OC1O,CCC[C@@H]1C(=O)OC(=Cc2c[nH]c(Cl)c2Cl)C1=O.O >> CCC(O)[C@H]1C(=O)C(=Cc2c[nH]c(Cl)c2Cl)OC1O,rule0070_6,CCC[C@@H]1C(=O)OC(=Cc2c[nH]c(Cl)c2Cl)C1=O.O>>CCC(O)[C@H]1C(=O)C(=Cc2c[nH]c(Cl)c2Cl)OC1O,7.026197e-05,0,0.0098864725,0,0.008032352,0,0.026189502,0
CC(=C1OC(=O)[C@@H](C)C1=O)c1c[nH]c(Cl)c1Cl,CC1(C)C(=O)OC(=Cc2c[nH]c(Cl)c2Cl)C1=O,CC(=C1OC(=O)[C@@H](C)C1=O)c1c[nH]c(Cl)c1Cl >> CC1(C)C(=O)OC(=Cc2c[nH]c(Cl)c2Cl)C1=O,rule0028_51,CC(=C1OC(=O)[C@@H](C)C1=O)c1c[nH]c(Cl)c1Cl>>CC1(C)C(=O)OC(=Cc2c[nH]c(Cl)c2Cl)C1=O,0.29901654,0,0.93437713,1,0.43927118,0,0.2876272,0
C[S+](CC[C@H](N)C(=O)O)C[C@H]1O[C@@H](n2cnc3c(N)ncnc32)[C@H](O)[C@@H]1O.O=C1OC(=Cc2c[nH]c(Cl)c2Cl)C(O)[C@@H]1CCO,COC1C(=Cc2c[nH]c(Cl)c2Cl)OC(=O)[C@H]1CCO.Nc1ncnc2c1ncn2[C@@H]1O[C@H](CSCC[C@H](N)C(=O)O)[C@@H](O)[C@H]1O,C[S+](CC[C@H](N)C(=O)O)C[C@H]1O[C@@H](n2cnc3c(N)ncnc32)[C@H](O)[C@@H]1O.O=C1OC(=Cc2c[nH]c(Cl)c2Cl)C(O)[C@@H]1CCO >> COC1C(=Cc2c[nH]c(Cl)c2Cl)OC(=O)[C@H]1CCO.Nc1ncnc2c1ncn2[C@@H]1O[C@H](CSCC[C@H](N)C(=O)O)[C@@H](O)[C@H]1O,rule0011_51,C[S+](CC[C@H](N)C(=O)O)C[C@H]1O[C@@H](n2cnc3c(N)ncnc32)[C@H](O)[C@@H]1O.O=C1OC(=Cc2c[nH]c(Cl)c2Cl)C(O)[C@@H]1CCO>>COC1C(=Cc2c[nH]c(Cl)c2Cl)OC(=O)[C@H]1CCO.Nc1ncnc2c1ncn2[C@@H]1O[C@H](CSCC[C@H](N)C(=O)O)[C@@H](O)[C@H]1O,0.8474331,1,0.97377735,1,0.03584082,0,0.12594478,0
CC[C@@H]1C(=O)OC(=C(C)c2c[nH]c(Cl)c2Cl)C1=O.O,CC[C@@H]1C(=O)OC(=C(CO)c2c[nH]c(Cl)c2Cl)C1O,CC[C@@H]1C(=O)OC(=C(C)c2c[nH]c(Cl)c2Cl)C1=O.O >> CC[C@@H]1C(=O)OC(=C(CO)c2c[nH]c(Cl)c2Cl)C1O,rule0070_6,CC[C@@H]1C(=O)OC(=C(C)c2c[nH]c(Cl)c2Cl)C1=O.O>>CC[C@@H]1C(=O)OC(=C(CO)c2c[nH]c(Cl)c2Cl)C1O,0.0016335392,0,0.18661565,0,0.19263206,0,0.02989543,0
O=C1C(=Cc2c[nH]c(Cl)c2Cl)OC(O)[C@H]1CCO.O=C1C(=Cc2c[nH]c(Cl)c2Cl)OC(O)[C@H]1CCO,C[C@H]1C(=O)C(=Cc2c[nH]c(Cl)c2Cl)OC1O.O=C1C(=Cc2c[nH]c(Cl)c2Cl)OC(O)[C@H]1CC(O)CO,O=C1C(=Cc2c[nH]c(Cl)c2Cl)OC(O)[C@H]1CCO.O=C1C(=Cc2c[nH]c(Cl)c2Cl)OC(O)[C@H]1CCO >> C[C@H]1C(=O)C(=Cc2c[nH]c(Cl)c2Cl)OC1O.O=C1C(=Cc2c[nH]c(Cl)c2Cl)OC(O)[C@H]1CC(O)CO,rule0126_2,O=C1C(=Cc2c[nH]c(Cl)c2Cl)OC(O)[C@H]1CCO.O=C1C(=Cc2c[nH]c(Cl)c2Cl)OC(O)[C@H]1CCO>>C[C@H]1C(=O)C(=Cc2c[nH]c(Cl)c2Cl)OC1O.O=C1C(=Cc2c[nH]c(Cl)c2Cl)OC(O)[C@H]1CC(O)CO,0.11536533,0,0.26781094,0,0.2084435,0,0.36537462,0
O=C(O)CC[C@@H]1C(=O)OC(=Cc2c[nH]c(Cl)c2Cl)C1=O.OO,O.O=CCC[C@@H]1C(=O)OC(=Cc2c[nH]c(Cl)c2Cl)C1=O.O=O,O=C(O)CC[C@@H]1C(=O)OC(=Cc2c[nH]c(Cl)c2Cl)C1=O.OO >> O.O=CCC[C@@H]1C(=O)OC(=Cc2c[nH]c(Cl)c2Cl)C1=O.O=O,rule0147_2,O=C(O)CC[C@@H]1C(=O)OC(=Cc2c[nH]c(Cl)c2Cl)C1=O.OO>>O.O=CCC[C@@H]1C(=O)OC(=Cc2c[nH]c(Cl)c2Cl)C1=O.O=O,9.063959e-06,0,1.3554491e-06,0,0.0002664263,0,0.002199932,0
CC[C@H](C(=O)O)C(=O)C(O)=Cc1c[nH]c(Cl)c1Cl,CC[C@@H]1C(=O)OC(=Cc2c[nH]c(Cl)c2Cl)C1=O.O,CC[C@H](C(=O)O)C(=O)C(O)=Cc1c[nH]c(Cl)c1Cl >> CC[C@@H]1C(=O)OC(=Cc2c[nH]c(Cl)c2Cl)C1=O.O,rule0032_22,CC[C@H](C(=O)O)C(=O)C(O)=Cc1c[nH]c(Cl)c1Cl>>CC[C@@H]1C(=O)OC(=Cc2c[nH]c(Cl)c2Cl)C1=O.O,0.021020748,0,0.38220683,0,0.1984363,0,0.3378742,0
CC[C@H](C(=O)O)C(=O)C(O)=Cc1c[nH]c(Cl)c1Cl.OO,CC[C@H](C(=O)O)C(=O)C(O)Cc1c[nH]c(Cl)c1Cl.O=O,CC[C@H](C(=O)O)C(=O)C(O)=Cc1c[nH]c(Cl)c1Cl.OO >> CC[C@H](C(=O)O)C(=O)C(O)Cc1c[nH]c(Cl)c1Cl.O=O,rule0114_4,CC[C@H](C(=O)O)C(=O)C(O)=Cc1c[nH]c(Cl)c1Cl.OO>>CC[C@H](C(=O)O)C(=O)C(O)Cc1c[nH]c(Cl)c1Cl.O=O,2.5138917e-05,0,5.3970154e-05,0,0.013512373,0,0.0058512916,0
CC(C)[C@@H]1C(=O)OC(=Cc2c[nH]c(Cl)c2Cl)C1=O.NC(=O)C1=CN([C@@H]2O[C@H](COP(=O)(O)OP(=O)(O)OC[C@H]3O[C@@H](n4cnc5c(N)ncnc54)[C@H](OP(=O)(O)O)[C@@H]3O)[C@@H](O)[C@H]2O)C=CC1.O=O,CC(CO)[C@@H]1C(=O)OC(=Cc2c[nH]c(Cl)c2Cl)C1=O.NC(=O)c1ccc[n+]([C@@H]2O[C@H](COP(=O)(O)OP(=O)(O)OC[C@H]3O[C@@H](n4cnc5c(N)ncnc54)[C@H](OP(=O)(O)O)[C@@H]3O)[C@@H](O)[C@H]2O)c1.O,CC(C)[C@@H]1C(=O)OC(=Cc2c[nH]c(Cl)c2Cl)C1=O.NC(=O)C1=CN([C@@H]2O[C@H](COP(=O)(O)OP(=O)(O)OC[C@H]3O[C@@H](n4cnc5c(N)ncnc54)[C@H](OP(=O)(O)O)[C@@H]3O)[C@@H](O)[C@H]2O)C=CC1.O=O >> CC(CO)[C@@H]1C(=O)OC(=Cc2c[nH]c(Cl)c2Cl)C1=O.NC(=O)c1ccc[n+]([C@@H]2O[C@H](COP(=O)(O)OP(=O)(O)OC[C@H]3O[C@@H](n4cnc5c(N)ncnc54)[C@H](OP(=O)(O)O)[C@@H]3O)[C@@H](O)[C@H]2O)c1.O,rule0004_13,CC(C)[C@@H]1C(=O)OC(=Cc2c[nH]c(Cl)c2Cl)C1=O.NC(=O)C1=CN([C@@H]2O[C@H](COP(=O)(O)OP(=O)(O)OC[C@H]3O[C@@H](n4cnc5c(N)ncnc54)[C@H](OP(=O)(O)O)[C@@H]3O)[C@@H](O)[C@H]2O)C=CC1.O=O>>CC(CO)[C@@H]1C(=O)OC(=Cc2c[nH]c(Cl)c2Cl)C1=O.NC(=O)c1ccc[n+]([C@@H]2O[C@H](COP(=O)(O)OP(=O)(O)OC[C@H]3O[C@@H](n4cnc5c(N)ncnc54)[C@H](OP(=O)(O)O)[C@@H]3O)[C@@H](O)[C@H]2O)c1.O,0.010319588,0,0.23787262,0,0.119032905,0,0.31948468,0
O.O=C1C(=Cc2c[nH]c(Cl)c2Cl)OC(O)[C@H]1CCO,OCC(O)[C@@H]1C(O)OC(=Cc2c[nH]c(Cl)c2Cl)C1O,O.O=C1C(=Cc2c[nH]c(Cl)c2Cl)OC(O)[C@H]1CCO >> OCC(O)[C@@H]1C(O)OC(=Cc2c[nH]c(Cl)c2Cl)C1O,rule0070_6,O.O=C1C(=Cc2c[nH]c(Cl)c2Cl)OC(O)[C@H]1CCO>>OCC(O)[C@@H]1C(O)OC(=Cc2c[nH]c(Cl)c2Cl)C1O,0.028648052,0,0.20917349,0,0.2852563,0,0.8273936,1
CC(O)[C@H]1C(=O)C(=Cc2c[nH]c(Cl)c2Cl)OC1O.C[S+](CC[C@H](N)C(=O)O)C[C@H]1O[C@@H](n2cnc3c(N)ncnc32)[C@H](O)[C@@H]1O,COC1OC(=Cc2c[nH]c(Cl)c2Cl)C(=O)[C@@H]1C(C)O.Nc1ncnc2c1ncn2[C@@H]1O[C@H](CSCC[C@H](N)C(=O)O)[C@@H](O)[C@H]1O,CC(O)[C@H]1C(=O)C(=Cc2c[nH]c(Cl)c2Cl)OC1O.C[S+](CC[C@H](N)C(=O)O)C[C@H]1O[C@@H](n2cnc3c(N)ncnc32)[C@H](O)[C@@H]1O >> COC1OC(=Cc2c[nH]c(Cl)c2Cl)C(=O)[C@@H]1C(C)O.Nc1ncnc2c1ncn2[C@@H]1O[C@H](CSCC[C@H](N)C(=O)O)[C@@H](O)[C@H]1O,rule0011_51,CC(O)[C@H]1C(=O)C(=Cc2c[nH]c(Cl)c2Cl)OC1O.C[S+](CC[C@H](N)C(=O)O)C[C@H]1O[C@@H](n2cnc3c(N)ncnc32)[C@H](O)[C@@H]1O>>COC1OC(=Cc2c[nH]c(Cl)c2Cl)C(=O)[C@@H]1C(C)O.Nc1ncnc2c1ncn2[C@@H]1O[C@H](CSCC[C@H](N)C(=O)O)[C@@H](O)[C@H]1O,0.8469003,1,0.9840551,1,0.32697594,0,0.6967647,1
CC[C@H](C(=O)O)C(=O)C(O)=Cc1c[nH]c(Cl)c1Cl,O=C[C@H](CCC(O)=Cc1c[nH]c(Cl)c1Cl)C(=O)O,CC[C@H](C(=O)O)C(=O)C(O)=Cc1c[nH]c(Cl)c1Cl >> O=C[C@H](CCC(O)=Cc1c[nH]c(Cl)c1Cl)C(=O)O,rule0028_46,CC[C@H](C(=O)O)C(=O)C(O)=Cc1c[nH]c(Cl)c1Cl>>O=C[C@H](CCC(O)=Cc1c[nH]c(Cl)c1Cl)C(=O)O,0.0020528887,0,8.0315454e-05,0,0.0019134397,0,0.004511636,0
CC(O)[C@@H]1C(=O)OC(=Cc2c[nH]c(Cl)c2Cl)C1=O.NC(=O)c1ccc[n+]([C@@H]2O[C@H](COP(=O)(O)OP(=O)(O)OC[C@H]3O[C@@H](n4cnc5c(N)ncnc54)[C@H](OP(=O)(O)O)[C@@H]3O)[C@@H](O)[C@H]2O)c1.O,CC[C@@H]1C(=O)OC(=Cc2c[nH]c(Cl)c2Cl)C1=O.NC(=O)C1=CN([C@@H]2O[C@H](COP(=O)(O)OP(=O)(O)OC[C@H]3O[C@@H](n4cnc5c(N)ncnc54)[C@H](OP(=O)(O)O)[C@@H]3O)[C@@H](O)[C@H]2O)C=CC1.O=O,CC(O)[C@@H]1C(=O)OC(=Cc2c[nH]c(Cl)c2Cl)C1=O.NC(=O)c1ccc[n+]([C@@H]2O[C@H](COP(=O)(O)OP(=O)(O)OC[C@H]3O[C@@H](n4cnc5c(N)ncnc54)[C@H](OP(=O)(O)O)[C@@H]3O)[C@@H](O)[C@H]2O)c1.O >> CC[C@@H]1C(=O)OC(=Cc2c[nH]c(Cl)c2Cl)C1=O.NC(=O)C1=CN([C@@H]2O[C@H](COP(=O)(O)OP(=O)(O)OC[C@H]3O[C@@H](n4cnc5c(N)ncnc54)[C@H](OP(=O)(O)O)[C@@H]3O)[C@@H](O)[C@H]2O)C=CC1.O=O,rule0005_61,CC(O)[C@@H]1C(=O)OC(=Cc2c[nH]c(Cl)c2Cl)C1=O.NC(=O)c1ccc[n+]([C@@H]2O[C@H](COP(=O)(O)OP(=O)(O)OC[C@H]3O[C@@H](n4cnc5c(N)ncnc54)[C@H](OP(=O)(O)O)[C@@H]3O)[C@@H](O)[C@H]2O)c1.O>>CC[C@@H]1C(=O)OC(=Cc2c[nH]c(Cl)c2Cl)C1=O.NC(=O)C1=CN([C@@H]2O[C@H](COP(=O)(O)OP(=O)(O)OC[C@H]3O[C@@H](n4cnc5c(N)ncnc54)[C@H](OP(=O)(O)O)[C@@H]3O)[C@@H](O)[C@H]2O)C=CC1.O=O,1.5894386e-06,0,1.8635816e-06,0,8.249946e-06,0,0.00022923313,0
*C1=C(*)C(=O)C(*)=C(*)C1=O.CC(O)[C@H]1C(=O)C(=Cc2c[nH]c(Cl)c2Cl)OC1O,*c1c(*)c(O)c(*)c(*)c1O.CC(=O)[C@H]1C(=O)C(=Cc2c[nH]c(Cl)c2Cl)OC1O,*C1=C(*)C(=O)C(*)=C(*)C1=O.CC(O)[C@H]1C(=O)C(=Cc2c[nH]c(Cl)c2Cl)OC1O >> *c1c(*)c(O)c(*)c(*)c1O.CC(=O)[C@H]1C(=O)C(=Cc2c[nH]c(Cl)c2Cl)OC1O,rule0467_8,*C1=C(*)C(=O)C(*)=C(*)C1=O.CC(O)[C@H]1C(=O)C(=Cc2c[nH]c(Cl)c2Cl)OC1O>>*c1c(*)c(O)c(*)c(*)c1O.CC(=O)[C@H]1C(=O)C(=Cc2c[nH]c(Cl)c2Cl)OC1O,0.018687127,0,0.95217735,1,0.09579242,0,0.5010098,0
CC[C@@H]1C(=O)OC(=Cc2c(C)[nH]c(Cl)c2Cl)C1=O.O,Cc1[nH]c(Cl)c(Cl)c1C=C1OC(O)[C@@H](C(C)O)C1=O,CC[C@@H]1C(=O)OC(=Cc2c(C)[nH]c(Cl)c2Cl)C1=O.O >> Cc1[nH]c(Cl)c(Cl)c1C=C1OC(O)[C@@H](C(C)O)C1=O,rule0070_6,CC[C@@H]1C(=O)OC(=Cc2c(C)[nH]c(Cl)c2Cl)C1=O.O>>Cc1[nH]c(Cl)c(Cl)c1C=C1OC(O)[C@@H](C(C)O)C1=O,0.0008960702,0,0.022475174,0,0.09376419,0,0.004586234,0
CC(O)[C@@H]1C(=O)OC(=Cc2c[nH]c(Cl)c2Cl)C1=O,CC=O.O=C1CC(=O)C(=Cc2c[nH]c(Cl)c2Cl)O1,CC(O)[C@@H]1C(=O)OC(=Cc2c[nH]c(Cl)c2Cl)C1=O >> CC=O.O=C1CC(=O)C(=Cc2c[nH]c(Cl)c2Cl)O1,rule0053_20,CC(O)[C@@H]1C(=O)OC(=Cc2c[nH]c(Cl)c2Cl)C1=O>>CC=O.O=C1CC(=O)C(=Cc2c[nH]c(Cl)c2Cl)O1,0.83202845,1,0.7825343,1,0.9903224,1,0.96362907,1
CC[C@H](C(=O)O)C(=O)C(O)=Cc1c[nH]c(Cl)c1Cl.NC(=O)C1=CN([C@@H]2O[C@H](COP(=O)(O)OP(=O)(O)OC[C@H]3O[C@@H](n4cnc5c(N)ncnc54)[C@H](OP(=O)(O)O)[C@@H]3O)[C@@H](O)[C@H]2O)C=CC1.O=O,CC[C@@](O)(C(=O)O)C(=O)C(O)=Cc1c[nH]c(Cl)c1Cl.NC(=O)c1ccc[n+]([C@@H]2O[C@H](COP(=O)(O)OP(=O)(O)OC[C@H]3O[C@@H](n4cnc5c(N)ncnc54)[C@H](OP(=O)(O)O)[C@@H]3O)[C@@H](O)[C@H]2O)c1.O,CC[C@H](C(=O)O)C(=O)C(O)=Cc1c[nH]c(Cl)c1Cl.NC(=O)C1=CN([C@@H]2O[C@H](COP(=O)(O)OP(=O)(O)OC[C@H]3O[C@@H](n4cnc5c(N)ncnc54)[C@H](OP(=O)(O)O)[C@@H]3O)[C@@H](O)[C@H]2O)C=CC1.O=O >> CC[C@@](O)(C(=O)O)C(=O)C(O)=Cc1c[nH]c(Cl)c1Cl.NC(=O)c1ccc[n+]([C@@H]2O[C@H](COP(=O)(O)OP(=O)(O)OC[C@H]3O[C@@H](n4cnc5c(N)ncnc54)[C@H](OP(=O)(O)O)[C@@H]3O)[C@@H](O)[C@H]2O)c1.O,rule0004_13,CC[C@H](C(=O)O)C(=O)C(O)=Cc1c[nH]c(Cl)c1Cl.NC(=O)C1=CN([C@@H]2O[C@H](COP(=O)(O)OP(=O)(O)OC[C@H]3O[C@@H](n4cnc5c(N)ncnc54)[C@H](OP(=O)(O)O)[C@@H]3O)[C@@H](O)[C@H]2O)C=CC1.O=O>>CC[C@@](O)(C(=O)O)C(=O)C(O)=Cc1c[nH]c(Cl)c1Cl.NC(=O)c1ccc[n+]([C@@H]2O[C@H](COP(=O)(O)OP(=O)(O)OC[C@H]3O[C@@H](n4cnc5c(N)ncnc54)[C@H](OP(=O)(O)O)[C@@H]3O)[C@@H](O)[C@H]2O)c1.O,0.021382967,0,0.07842842,0,0.015033427,0,0.013096564,0
O=C1OC(=Cc2c[nH]c(Cl)c2Cl)C(=O)[C@@H]1CCO.O=C1OC(=Cc2c[nH]c(Cl)c2Cl)C(=O)[C@@H]1CCO,C[C@@H]1C(=O)OC(=Cc2c[nH]c(Cl)c2Cl)C1=O.O=C1OC(=C(CO)c2c[nH]c(Cl)c2Cl)C(=O)[C@@H]1CCO,O=C1OC(=Cc2c[nH]c(Cl)c2Cl)C(=O)[C@@H]1CCO.O=C1OC(=Cc2c[nH]c(Cl)c2Cl)C(=O)[C@@H]1CCO >> C[C@@H]1C(=O)OC(=Cc2c[nH]c(Cl)c2Cl)C1=O.O=C1OC(=C(CO)c2c[nH]c(Cl)c2Cl)C(=O)[C@@H]1CCO,rule0126_2,O=C1OC(=Cc2c[nH]c(Cl)c2Cl)C(=O)[C@@H]1CCO.O=C1OC(=Cc2c[nH]c(Cl)c2Cl)C(=O)[C@@H]1CCO>>C[C@@H]1C(=O)OC(=Cc2c[nH]c(Cl)c2Cl)C1=O.O=C1OC(=C(CO)c2c[nH]c(Cl)c2Cl)C(=O)[C@@H]1CCO,0.046330955,0,0.00033962444,0,0.036879625,0,0.98371845,1
CC[C@@H]1C(=O)OC(=Cc2c[nH]c(Cl)c2Cl)C1=O,CC(=C1OC(=O)[C@@H](C)C1=O)c1c[nH]c(Cl)c1Cl,CC[C@@H]1C(=O)OC(=Cc2c[nH]c(Cl)c2Cl)C1=O >> CC(=C1OC(=O)[C@@H](C)C1=O)c1c[nH]c(Cl)c1Cl,rule0028_51,CC[C@@H]1C(=O)OC(=Cc2c[nH]c(Cl)c2Cl)C1=O>>CC(=C1OC(=O)[C@@H](C)C1=O)c1c[nH]c(Cl)c1Cl,0.1816256,0,0.1492691,0,0.7930807,1,0.057668936,0
O=C1C(=Cc2c[nH]c(Cl)c2Cl)OC(O)[C@H]1CCO.O=C1C(=Cc2c[nH]c(Cl)c2Cl)OC(O)[C@H]1CCO,C[C@H]1C(=O)C(=Cc2c[nH]c(Cl)c2Cl)OC1O.O=C1C(=Cc2c[nH]c(Cl)c2Cl)OC(O)[C@H]1C(CO)CO,O=C1C(=Cc2c[nH]c(Cl)c2Cl)OC(O)[C@H]1CCO.O=C1C(=Cc2c[nH]c(Cl)c2Cl)OC(O)[C@H]1CCO >> C[C@H]1C(=O)C(=Cc2c[nH]c(Cl)c2Cl)OC1O.O=C1C(=Cc2c[nH]c(Cl)c2Cl)OC(O)[C@H]1C(CO)CO,rule0126_2,O=C1C(=Cc2c[nH]c(Cl)c2Cl)OC(O)[C@H]1CCO.O=C1C(=Cc2c[nH]c(Cl)c2Cl)OC(O)[C@H]1CCO>>C[C@H]1C(=O)C(=Cc2c[nH]c(Cl)c2Cl)OC1O.O=C1C(=Cc2c[nH]c(Cl)c2Cl)OC(O)[C@H]1C(CO)CO,0.017198047,0,0.22965796,0,0.07296624,0,0.024444213,0
CCc1[nH]c(Cl)c(Cl)c1C=C1OC(=O)CC1=O.CCc1[nH]c(Cl)c(Cl)c1C=C1OC(=O)CC1=O,CCc1[nH]c(Cl)c(Cl)c1C=C1OC(=O)C(C)C1=O.Cc1[nH]c(Cl)c(Cl)c1C=C1OC(=O)CC1=O,CCc1[nH]c(Cl)c(Cl)c1C=C1OC(=O)CC1=O.CCc1[nH]c(Cl)c(Cl)c1C=C1OC(=O)CC1=O >> CCc1[nH]c(Cl)c(Cl)c1C=C1OC(=O)C(C)C1=O.Cc1[nH]c(Cl)c(Cl)c1C=C1OC(=O)CC1=O,rule0126_2,CCc1[nH]c(Cl)c(Cl)c1C=C1OC(=O)CC1=O.CCc1[nH]c(Cl)c(Cl)c1C=C1OC(=O)CC1=O>>CCc1[nH]c(Cl)c(Cl)c1C=C1OC(=O)C(C)C1=O.Cc1[nH]c(Cl)c(Cl)c1C=C1OC(=O)CC1=O,0.01895124,0,0.029892564,0,0.0004992235,0,0.0058455416,0
CC(O)[C@@H]1C(=O)OC(=Cc2c[nH]c(Cl)c2Cl)C1=O,CC(=C1OC(=O)[C@@H](CO)C1=O)c1c[nH]c(Cl)c1Cl,CC(O)[C@@H]1C(=O)OC(=Cc2c[nH]c(Cl)c2Cl)C1=O >> CC(=C1OC(=O)[C@@H](CO)C1=O)c1c[nH]c(Cl)c1Cl,rule0028_51,CC(O)[C@@H]1C(=O)OC(=Cc2c[nH]c(Cl)c2Cl)C1=O>>CC(=C1OC(=O)[C@@H](CO)C1=O)c1c[nH]c(Cl)c1Cl,0.13996324,0,0.64647865,1,0.9443034,1,0.9882438,1
CCC[C@@H]1C(=O)OC(=Cc2c[nH]c(Cl)c2Cl)C1=O.O,CC(O)C[C@H]1C(=O)C(=Cc2c[nH]c(Cl)c2Cl)OC1O,CCC[C@@H]1C(=O)OC(=Cc2c[nH]c(Cl)c2Cl)C1=O.O >> CC(O)C[C@H]1C(=O)C(=Cc2c[nH]c(Cl)c2Cl)OC1O,rule0070_6,CCC[C@@H]1C(=O)OC(=Cc2c[nH]c(Cl)c2Cl)C1=O.O>>CC(O)C[C@H]1C(=O)C(=Cc2c[nH]c(Cl)c2Cl)OC1O,0.0009838027,0,0.11969115,0,0.08741245,0,0.076220684,0
CC(O)[C@H]1C(=O)C(=Cc2c[nH]c(Cl)c2Cl)OC1O.NC(=O)c1ccc[n+]([C@@H]2O[C@H](COP(=O)(O)OP(=O)(O)OC[C@H]3O[C@@H](n4cnc5c(N)ncnc54)[C@H](OP(=O)(O)O)[C@@H]3O)[C@@H](O)[C@H]2O)c1.O,CC[C@H]1C(=O)C(=Cc2c[nH]c(Cl)c2Cl)OC1O.NC(=O)C1=CN([C@@H]2O[C@H](COP(=O)(O)OP(=O)(O)OC[C@H]3O[C@@H](n4cnc5c(N)ncnc54)[C@H](OP(=O)(O)O)[C@@H]3O)[C@@H](O)[C@H]2O)C=CC1.O=O,CC(O)[C@H]1C(=O)C(=Cc2c[nH]c(Cl)c2Cl)OC1O.NC(=O)c1ccc[n+]([C@@H]2O[C@H](COP(=O)(O)OP(=O)(O)OC[C@H]3O[C@@H](n4cnc5c(N)ncnc54)[C@H](OP(=O)(O)O)[C@@H]3O)[C@@H](O)[C@H]2O)c1.O >> CC[C@H]1C(=O)C(=Cc2c[nH]c(Cl)c2Cl)OC1O.NC(=O)C1=CN([C@@H]2O[C@H](COP(=O)(O)OP(=O)(O)OC[C@H]3O[C@@H](n4cnc5c(N)ncnc54)[C@H](OP(=O)(O)O)[C@@H]3O)[C@@H](O)[C@H]2O)C=CC1.O=O,rule0005_61,CC(O)[C@H]1C(=O)C(=Cc2c[nH]c(Cl)c2Cl)OC1O.NC(=O)c1ccc[n+]([C@@H]2O[C@H](COP(=O)(O)OP(=O)(O)OC[C@H]3O[C@@H](n4cnc5c(N)ncnc54)[C@H](OP(=O)(O)O)[C@@H]3O)[C@@H](O)[C@H]2O)c1.O>>CC[C@H]1C(=O)C(=Cc2c[nH]c(Cl)c2Cl)OC1O.NC(=O)C1=CN([C@@H]2O[C@H](COP(=O)(O)OP(=O)(O)OC[C@H]3O[C@@H](n4cnc5c(N)ncnc54)[C@H](OP(=O)(O)O)[C@@H]3O)[C@@H](O)[C@H]2O)C=CC1.O=O,7.5336243e-07,0,6.112701e-05,0,0.0002683431,0,0.00021473966,0
CC(O)[C@@H]1C(=O)OC(=Cc2c[nH]c(Cl)c2Cl)C1O,CC(O)C1(O)CC(=O)OC1=Cc1c[nH]c(Cl)c1Cl,CC(O)[C@@H]1C(=O)OC(=Cc2c[nH]c(Cl)c2Cl)C1O >> CC(O)C1(O)CC(=O)OC1=Cc1c[nH]c(Cl)c1Cl,rule0028_50,CC(O)[C@@H]1C(=O)OC(=Cc2c[nH]c(Cl)c2Cl)C1O>>CC(O)C1(O)CC(=O)OC1=Cc1c[nH]c(Cl)c1Cl,0.47361434,0,0.15222773,0,0.14328207,0,0.007968005,0
CC(O)[C@H]1C(=O)C(=Cc2c[nH]c(Cl)c2Cl)OC1O.CC(O)[C@H]1C(=O)C(=Cc2c[nH]c(Cl)c2Cl)OC1O,CCC(O)[C@H]1C(=O)C(=Cc2c[nH]c(Cl)c2Cl)OC1O.O=C1C(=Cc2c[nH]c(Cl)c2Cl)OC(O)[C@H]1CO,CC(O)[C@H]1C(=O)C(=Cc2c[nH]c(Cl)c2Cl)OC1O.CC(O)[C@H]1C(=O)C(=Cc2c[nH]c(Cl)c2Cl)OC1O >> CCC(O)[C@H]1C(=O)C(=Cc2c[nH]c(Cl)c2Cl)OC1O.O=C1C(=Cc2c[nH]c(Cl)c2Cl)OC(O)[C@H]1CO,rule0126_2,CC(O)[C@H]1C(=O)C(=Cc2c[nH]c(Cl)c2Cl)OC1O.CC(O)[C@H]1C(=O)C(=Cc2c[nH]c(Cl)c2Cl)OC1O>>CCC(O)[C@H]1C(=O)C(=Cc2c[nH]c(Cl)c2Cl)OC1O.O=C1C(=Cc2c[nH]c(Cl)c2Cl)OC(O)[C@H]1CO,0.0036517943,0,0.036610693,0,0.0024779555,0,0.091399014,0
CC[C@H](C(=O)O)C(=O)C(O)=Cc1c[nH]c(Cl)c1Cl.NC(=O)C1=CN([C@@H]2O[C@H](COP(=O)(O)OP(=O)(O)OC[C@H]3O[C@@H](n4cnc5c(N)ncnc54)[C@H](OP(=O)(O)O)[C@@H]3O)[C@@H](O)[C@H]2O)C=CC1,CC[C@H](C(=O)O)C(O)C(O)=Cc1c[nH]c(Cl)c1Cl.NC(=O)c1ccc[n+]([C@@H]2O[C@H](COP(=O)(O)OP(=O)(O)OC[C@H]3O[C@@H](n4cnc5c(N)ncnc54)[C@H](OP(=O)(O)O)[C@@H]3O)[C@@H](O)[C@H]2O)c1,CC[C@H](C(=O)O)C(=O)C(O)=Cc1c[nH]c(Cl)c1Cl.NC(=O)C1=CN([C@@H]2O[C@H](COP(=O)(O)OP(=O)(O)OC[C@H]3O[C@@H](n4cnc5c(N)ncnc54)[C@H](OP(=O)(O)O)[C@@H]3O)[C@@H](O)[C@H]2O)C=CC1 >> CC[C@H](C(=O)O)C(O)C(O)=Cc1c[nH]c(Cl)c1Cl.NC(=O)c1ccc[n+]([C@@H]2O[C@H](COP(=O)(O)OP(=O)(O)OC[C@H]3O[C@@H](n4cnc5c(N)ncnc54)[C@H](OP(=O)(O)O)[C@@H]3O)[C@@H](O)[C@H]2O)c1,rule0003_135,CC[C@H](C(=O)O)C(=O)C(O)=Cc1c[nH]c(Cl)c1Cl.NC(=O)C1=CN([C@@H]2O[C@H](COP(=O)(O)OP(=O)(O)OC[C@H]3O[C@@H](n4cnc5c(N)ncnc54)[C@H](OP(=O)(O)O)[C@@H]3O)[C@@H](O)[C@H]2O)C=CC1>>CC[C@H](C(=O)O)C(O)C(O)=Cc1c[nH]c(Cl)c1Cl.NC(=O)c1ccc[n+]([C@@H]2O[C@H](COP(=O)(O)OP(=O)(O)OC[C@H]3O[C@@H](n4cnc5c(N)ncnc54)[C@H](OP(=O)(O)O)[C@@H]3O)[C@@H](O)[C@H]2O)c1,0.76971805,1,0.9647454,1,0.75162673,1,0.9086596,1
CC[C@@]1(C)C(=O)OC(=Cc2c[nH]c(Cl)c2Cl)C1=O,CCC[C@@H]1C(=O)OC(=Cc2c[nH]c(Cl)c2Cl)C1=O,CC[C@@]1(C)C(=O)OC(=Cc2c[nH]c(Cl)c2Cl)C1=O >> CCC[C@@H]1C(=O)OC(=Cc2c[nH]c(Cl)c2Cl)C1=O,rule0028_51,CC[C@@]1(C)C(=O)OC(=Cc2c[nH]c(Cl)c2Cl)C1=O>>CCC[C@@H]1C(=O)OC(=Cc2c[nH]c(Cl)c2Cl)C1=O,0.008137107,0,0.12513714,0,0.20818056,0,0.074825846,0
CC[C@@H]1C(=O)OC(=Cc2c[nH]c(Cl)c2Cl)C1=O.O,O=C1OC(=Cc2c[nH]c(Cl)c2Cl)C(O)[C@@H]1CCO,CC[C@@H]1C(=O)OC(=Cc2c[nH]c(Cl)c2Cl)C1=O.O >> O=C1OC(=Cc2c[nH]c(Cl)c2Cl)C(O)[C@@H]1CCO,rule0070_6,CC[C@@H]1C(=O)OC(=Cc2c[nH]c(Cl)c2Cl)C1=O.O>>O=C1OC(=Cc2c[nH]c(Cl)c2Cl)C(O)[C@@H]1CCO,0.0016331123,0,0.37968564,0,0.014483863,0,0.044062253,0
N.NC(=O)C1=CN([C@@H]2O[C@H](COP(=O)(O)OP(=O)(O)OC[C@H]3O[C@@H](n4cnc5c(N)ncnc54)[C@H](OP(=O)(O)O)[C@@H]3O)[C@@H](O)[C@H]2O)C=CC1.O=C(O)CC[C@@H]1C(=O)OC(=Cc2c[nH]c(Cl)c2Cl)C1=O,NC(=O)c1ccc[n+]([C@@H]2O[C@H](COP(=O)(O)OP(=O)(O)OC[C@H]3O[C@@H](n4cnc5c(N)ncnc54)[C@H](OP(=O)(O)O)[C@@H]3O)[C@@H](O)[C@H]2O)c1.NC(O)CC[C@@H]1C(=O)OC(=Cc2c[nH]c(Cl)c2Cl)C1=O.O,N.NC(=O)C1=CN([C@@H]2O[C@H](COP(=O)(O)OP(=O)(O)OC[C@H]3O[C@@H](n4cnc5c(N)ncnc54)[C@H](OP(=O)(O)O)[C@@H]3O)[C@@H](O)[C@H]2O)C=CC1.O=C(O)CC[C@@H]1C(=O)OC(=Cc2c[nH]c(Cl)c2Cl)C1=O >> NC(=O)c1ccc[n+]([C@@H]2O[C@H](COP(=O)(O)OP(=O)(O)OC[C@H]3O[C@@H](n4cnc5c(N)ncnc54)[C@H](OP(=O)(O)O)[C@@H]3O)[C@@H](O)[C@H]2O)c1.NC(O)CC[C@@H]1C(=O)OC(=Cc2c[nH]c(Cl)c2Cl)C1=O.O,rule0166_2,N.NC(=O)C1=CN([C@@H]2O[C@H](COP(=O)(O)OP(=O)(O)OC[C@H]3O[C@@H](n4cnc5c(N)ncnc54)[C@H](OP(=O)(O)O)[C@@H]3O)[C@@H](O)[C@H]2O)C=CC1.O=C(O)CC[C@@H]1C(=O)OC(=Cc2c[nH]c(Cl)c2Cl)C1=O>>NC(=O)c1ccc[n+]([C@@H]2O[C@H](COP(=O)(O)OP(=O)(O)OC[C@H]3O[C@@H](n4cnc5c(N)ncnc54)[C@H](OP(=O)(O)O)[C@@H]3O)[C@@H](O)[C@H]2O)c1.NC(O)CC[C@@H]1C(=O)OC(=Cc2c[nH]c(Cl)c2Cl)C1=O.O,0.0004421348,0,0.034470398,0,0.08882087,0,0.0094788745,0
NC(=O)C1=CN([C@@H]2O[C@H](COP(=O)(O)OP(=O)(O)OC[C@H]3O[C@@H](n4cnc5c(N)ncnc54)[C@H](OP(=O)(O)O)[C@@H]3O)[C@@H](O)[C@H]2O)C=CC1.NC(=O)C1=CN([C@@H]2O[C@H](COP(=O)(O)OP(=O)(O)OC[C@H]3O[C@@H](n4cnc5c(N)ncnc54)[C@H](OP(=O)(O)O)[C@@H]3O)[C@@H](O)[C@H]2O)C=CC1.O=C(O)CC[C@@H]1C(=O)OC(=Cc2c[nH]c(Cl)c2Cl)C1=O,NC(=O)c1ccc[n+]([C@@H]2O[C@H](COP(=O)(O)OP(=O)(O)OC[C@H]3O[C@@H](n4cnc5c(N)ncnc54)[C@H](OP(=O)(O)O)[C@@H]3O)[C@@H](O)[C@H]2O)c1.NC(=O)c1ccc[n+]([C@@H]2O[C@H](COP(=O)(O)OP(=O)(O)OC[C@H]3O[C@@H](n4cnc5c(N)ncnc54)[C@H](OP(=O)(O)O)[C@@H]3O)[C@@H](O)[C@H]2O)c1.O.O=C1OC(=Cc2c[nH]c(Cl)c2Cl)C(=O)[C@@H]1CCCO,NC(=O)C1=CN([C@@H]2O[C@H](COP(=O)(O)OP(=O)(O)OC[C@H]3O[C@@H](n4cnc5c(N)ncnc54)[C@H](OP(=O)(O)O)[C@@H]3O)[C@@H](O)[C@H]2O)C=CC1.NC(=O)C1=CN([C@@H]2O[C@H](COP(=O)(O)OP(=O)(O)OC[C@H]3O[C@@H](n4cnc5c(N)ncnc54)[C@H](OP(=O)(O)O)[C@@H]3O)[C@@H](O)[C@H]2O)C=CC1.O=C(O)CC[C@@H]1C(=O)OC(=Cc2c[nH]c(Cl)c2Cl)C1=O >> NC(=O)c1ccc[n+]([C@@H]2O[C@H](COP(=O)(O)OP(=O)(O)OC[C@H]3O[C@@H](n4cnc5c(N)ncnc54)[C@H](OP(=O)(O)O)[C@@H]3O)[C@@H](O)[C@H]2O)c1.NC(=O)c1ccc[n+]([C@@H]2O[C@H](COP(=O)(O)OP(=O)(O)OC[C@H]3O[C@@H](n4cnc5c(N)ncnc54)[C@H](OP(=O)(O)O)[C@@H]3O)[C@@H](O)[C@H]2O)c1.O.O=C1OC(=Cc2c[nH]c(Cl)c2Cl)C(=O)[C@@H]1CCCO,rule0164_2,NC(=O)C1=CN([C@@H]2O[C@H](COP(=O)(O)OP(=O)(O)OC[C@H]3O[C@@H](n4cnc5c(N)ncnc54)[C@H](OP(=O)(O)O)[C@@H]3O)[C@@H](O)[C@H]2O)C=CC1.NC(=O)C1=CN([C@@H]2O[C@H](COP(=O)(O)OP(=O)(O)OC[C@H]3O[C@@H](n4cnc5c(N)ncnc54)[C@H](OP(=O)(O)O)[C@@H]3O)[C@@H](O)[C@H]2O)C=CC1.O=C(O)CC[C@@H]1C(=O)OC(=Cc2c[nH]c(Cl)c2Cl)C1=O>>NC(=O)c1ccc[n+]([C@@H]2O[C@H](COP(=O)(O)OP(=O)(O)OC[C@H]3O[C@@H](n4cnc5c(N)ncnc54)[C@H](OP(=O)(O)O)[C@@H]3O)[C@@H](O)[C@H]2O)c1.NC(=O)c1ccc[n+]([C@@H]2O[C@H](COP(=O)(O)OP(=O)(O)OC[C@H]3O[C@@H](n4cnc5c(N)ncnc54)[C@H](OP(=O)(O)O)[C@@H]3O)[C@@H](O)[C@H]2O)c1.O.O=C1OC(=Cc2c[nH]c(Cl)c2Cl)C(=O)[C@@H]1CCCO,0.022225365,0,0.032973964,0,0.8249847,1,0.40875557,0
O=C1OC(=Cc2c[nH]c(Cl)c2Cl)C(=O)[C@@H]1CCO,O=C1CC(=O)C(=C(CCO)c2c[nH]c(Cl)c2Cl)O1,O=C1OC(=Cc2c[nH]c(Cl)c2Cl)C(=O)[C@@H]1CCO >> O=C1CC(=O)C(=C(CCO)c2c[nH]c(Cl)c2Cl)O1,rule0028_51,O=C1OC(=Cc2c[nH]c(Cl)c2Cl)C(=O)[C@@H]1CCO>>O=C1CC(=O)C(=C(CCO)c2c[nH]c(Cl)c2Cl)O1,0.6026617,1,0.31401977,0,0.9615761,1,0.48797452,0
O=C1OC(=Cc2c[nH]c(Cl)c2Cl)C(O)[C@@H]1CCO.O=C1OC(=Cc2c[nH]c(Cl)c2Cl)C(O)[C@@H]1CCO,C[C@@H]1C(=O)OC(=Cc2c[nH]c(Cl)c2Cl)C1O.O=C1OC(=Cc2c(CO)[nH]c(Cl)c2Cl)C(O)[C@@H]1CCO,O=C1OC(=Cc2c[nH]c(Cl)c2Cl)C(O)[C@@H]1CCO.O=C1OC(=Cc2c[nH]c(Cl)c2Cl)C(O)[C@@H]1CCO >> C[C@@H]1C(=O)OC(=Cc2c[nH]c(Cl)c2Cl)C1O.O=C1OC(=Cc2c(CO)[nH]c(Cl)c2Cl)C(O)[C@@H]1CCO,rule0126_2,O=C1OC(=Cc2c[nH]c(Cl)c2Cl)C(O)[C@@H]1CCO.O=C1OC(=Cc2c[nH]c(Cl)c2Cl)C(O)[C@@H]1CCO>>C[C@@H]1C(=O)OC(=Cc2c[nH]c(Cl)c2Cl)C1O.O=C1OC(=Cc2c(CO)[nH]c(Cl)c2Cl)C(O)[C@@H]1CCO,0.00032986424,0,0.020601703,0,0.0002349243,0,0.3217199,0
CC(C(=O)O)[C@@H]1C(=O)OC(=Cc2c[nH]c(Cl)c2Cl)C1=O,O=C1OC(=Cc2c[nH]c(Cl)c2Cl)C(=O)[C@@H]1C1COC1O,CC(C(=O)O)[C@@H]1C(=O)OC(=Cc2c[nH]c(Cl)c2Cl)C1=O >> O=C1OC(=Cc2c[nH]c(Cl)c2Cl)C(=O)[C@@H]1C1COC1O,rule0169_1,CC(C(=O)O)[C@@H]1C(=O)OC(=Cc2c[nH]c(Cl)c2Cl)C1=O>>O=C1OC(=Cc2c[nH]c(Cl)c2Cl)C(=O)[C@@H]1C1COC1O,0.00027017167,0,0.0009722998,0,0.032794595,0,0.7538096,1
CC(O)[C@@H]1C(=O)OC(=Cc2c[nH]c(Cl)c2Cl)C1O.CC(O)[C@@H]1C(=O)OC(=Cc2c[nH]c(Cl)c2Cl)C1O,CC(C)(O)[C@@H]1C(=O)OC(=Cc2c[nH]c(Cl)c2Cl)C1O.O=C1OC(=Cc2c[nH]c(Cl)c2Cl)C(O)[C@@H]1CO,CC(O)[C@@H]1C(=O)OC(=Cc2c[nH]c(Cl)c2Cl)C1O.CC(O)[C@@H]1C(=O)OC(=Cc2c[nH]c(Cl)c2Cl)C1O >> CC(C)(O)[C@@H]1C(=O)OC(=Cc2c[nH]c(Cl)c2Cl)C1O.O=C1OC(=Cc2c[nH]c(Cl)c2Cl)C(O)[C@@H]1CO,rule0126_2,CC(O)[C@@H]1C(=O)OC(=Cc2c[nH]c(Cl)c2Cl)C1O.CC(O)[C@@H]1C(=O)OC(=Cc2c[nH]c(Cl)c2Cl)C1O>>CC(C)(O)[C@@H]1C(=O)OC(=Cc2c[nH]c(Cl)c2Cl)C1O.O=C1OC(=Cc2c[nH]c(Cl)c2Cl)C(O)[C@@H]1CO,0.014127394,0,0.020163046,0,0.00025905893,0,0.026572933,0
CCC[C@@H]1C(=O)OC(=Cc2c[nH]c(Cl)c2Cl)C1=O.NC(=O)C1=CN([C@@H]2O[C@H](COP(=O)(O)OP(=O)(O)OC[C@H]3O[C@@H](n4cnc5c(N)ncnc54)[C@H](OP(=O)(O)O)[C@@H]3O)[C@@H](O)[C@H]2O)C=CC1.O=O,CC(O)C[C@@H]1C(=O)OC(=Cc2c[nH]c(Cl)c2Cl)C1=O.NC(=O)c1ccc[n+]([C@@H]2O[C@H](COP(=O)(O)OP(=O)(O)OC[C@H]3O[C@@H](n4cnc5c(N)ncnc54)[C@H](OP(=O)(O)O)[C@@H]3O)[C@@H](O)[C@H]2O)c1.O,CCC[C@@H]1C(=O)OC(=Cc2c[nH]c(Cl)c2Cl)C1=O.NC(=O)C1=CN([C@@H]2O[C@H](COP(=O)(O)OP(=O)(O)OC[C@H]3O[C@@H](n4cnc5c(N)ncnc54)[C@H](OP(=O)(O)O)[C@@H]3O)[C@@H](O)[C@H]2O)C=CC1.O=O >> CC(O)C[C@@H]1C(=O)OC(=Cc2c[nH]c(Cl)c2Cl)C1=O.NC(=O)c1ccc[n+]([C@@H]2O[C@H](COP(=O)(O)OP(=O)(O)OC[C@H]3O[C@@H](n4cnc5c(N)ncnc54)[C@H](OP(=O)(O)O)[C@@H]3O)[C@@H](O)[C@H]2O)c1.O,rule0004_13,CCC[C@@H]1C(=O)OC(=Cc2c[nH]c(Cl)c2Cl)C1=O.NC(=O)C1=CN([C@@H]2O[C@H](COP(=O)(O)OP(=O)(O)OC[C@H]3O[C@@H](n4cnc5c(N)ncnc54)[C@H](OP(=O)(O)O)[C@@H]3O)[C@@H](O)[C@H]2O)C=CC1.O=O>>CC(O)C[C@@H]1C(=O)OC(=Cc2c[nH]c(Cl)c2Cl)C1=O.NC(=O)c1ccc[n+]([C@@H]2O[C@H](COP(=O)(O)OP(=O)(O)OC[C@H]3O[C@@H](n4cnc5c(N)ncnc54)[C@H](OP(=O)(O)O)[C@@H]3O)[C@@H](O)[C@H]2O)c1.O,0.034054548,0,0.119689554,0,0.014011825,0,0.81122184,1
N.O=C(O)CC[C@@H]1C(=O)OC(=Cc2c[nH]c(Cl)c2Cl)C1=O.OO,NC(O)CC[C@@H]1C(=O)OC(=Cc2c[nH]c(Cl)c2Cl)C1=O.O.O=O,N.O=C(O)CC[C@@H]1C(=O)OC(=Cc2c[nH]c(Cl)c2Cl)C1=O.OO >> NC(O)CC[C@@H]1C(=O)OC(=Cc2c[nH]c(Cl)c2Cl)C1=O.O.O=O,rule0091_14,N.O=C(O)CC[C@@H]1C(=O)OC(=Cc2c[nH]c(Cl)c2Cl)C1=O.OO>>NC(O)CC[C@@H]1C(=O)OC(=Cc2c[nH]c(Cl)c2Cl)C1=O.O.O=O,1.5505271e-05,0,0.00023424167,0,0.0007899074,0,0.0005223993,0
CC[C@H](C(=O)O)C(=O)C(O)=Cc1c[nH]c(Cl)c1Cl.OO,CC[C@H](C(=O)O)C(O)C(O)=Cc1c[nH]c(Cl)c1Cl.O=O,CC[C@H](C(=O)O)C(=O)C(O)=Cc1c[nH]c(Cl)c1Cl.OO >> CC[C@H](C(=O)O)C(O)C(O)=Cc1c[nH]c(Cl)c1Cl.O=O,rule0078_13,CC[C@H](C(=O)O)C(=O)C(O)=Cc1c[nH]c(Cl)c1Cl.OO>>CC[C@H](C(=O)O)C(O)C(O)=Cc1c[nH]c(Cl)c1Cl.O=O,0.00038582573,0,9.0739035e-05,0,0.026989885,0,0.025698863,0
CC(O)[C@@H]1C(=O)OC(=Cc2c[nH]c(Cl)c2Cl)C1O.Cl,CC(Cl)[C@@H]1C(=O)OC(=Cc2c[nH]c(Cl)c2Cl)C1O.O,CC(O)[C@@H]1C(=O)OC(=Cc2c[nH]c(Cl)c2Cl)C1O.Cl >> CC(Cl)[C@@H]1C(=O)OC(=Cc2c[nH]c(Cl)c2Cl)C1O.O,rule0183_6,CC(O)[C@@H]1C(=O)OC(=Cc2c[nH]c(Cl)c2Cl)C1O.Cl>>CC(Cl)[C@@H]1C(=O)OC(=Cc2c[nH]c(Cl)c2Cl)C1O.O,0.32936457,0,0.70461416,1,0.5959846,1,0.48344272,0
CC[C@H](C(=O)O)C(=O)C(O)=Cc1c[nH]c(Cl)c1Cl,O=C1C(=Cc2c[nH]c(Cl)c2Cl)OCC[C@@H]1C(O)O,CC[C@H](C(=O)O)C(=O)C(O)=Cc1c[nH]c(Cl)c1Cl >> O=C1C(=Cc2c[nH]c(Cl)c2Cl)OCC[C@@H]1C(O)O,rule0169_1,CC[C@H](C(=O)O)C(=O)C(O)=Cc1c[nH]c(Cl)c1Cl>>O=C1C(=Cc2c[nH]c(Cl)c2Cl)OCC[C@@H]1C(O)O,0.0030606496,0,0.048685603,0,0.034219008,0,0.06144704,0
CC(C)[C@@H]1C(=O)OC(=Cc2c[nH]c(Cl)c2Cl)C1=O.NC(=O)C1=CN([C@@H]2O[C@H](COP(=O)(O)OP(=O)(O)OC[C@H]3O[C@@H](n4cnc5c(N)ncnc54)[C@H](OP(=O)(O)O)[C@@H]3O)[C@@H](O)[C@H]2O)C=CC1.O=O,CC(C)(O)[C@@H]1C(=O)OC(=Cc2c[nH]c(Cl)c2Cl)C1=O.NC(=O)c1ccc[n+]([C@@H]2O[C@H](COP(=O)(O)OP(=O)(O)OC[C@H]3O[C@@H](n4cnc5c(N)ncnc54)[C@H](OP(=O)(O)O)[C@@H]3O)[C@@H](O)[C@H]2O)c1.O,CC(C)[C@@H]1C(=O)OC(=Cc2c[nH]c(Cl)c2Cl)C1=O.NC(=O)C1=CN([C@@H]2O[C@H](COP(=O)(O)OP(=O)(O)OC[C@H]3O[C@@H](n4cnc5c(N)ncnc54)[C@H](OP(=O)(O)O)[C@@H]3O)[C@@H](O)[C@H]2O)C=CC1.O=O >> CC(C)(O)[C@@H]1C(=O)OC(=Cc2c[nH]c(Cl)c2Cl)C1=O.NC(=O)c1ccc[n+]([C@@H]2O[C@H](COP(=O)(O)OP(=O)(O)OC[C@H]3O[C@@H](n4cnc5c(N)ncnc54)[C@H](OP(=O)(O)O)[C@@H]3O)[C@@H](O)[C@H]2O)c1.O,rule0004_13,CC(C)[C@@H]1C(=O)OC(=Cc2c[nH]c(Cl)c2Cl)C1=O.NC(=O)C1=CN([C@@H]2O[C@H](COP(=O)(O)OP(=O)(O)OC[C@H]3O[C@@H](n4cnc5c(N)ncnc54)[C@H](OP(=O)(O)O)[C@@H]3O)[C@@H](O)[C@H]2O)C=CC1.O=O>>CC(C)(O)[C@@H]1C(=O)OC(=Cc2c[nH]c(Cl)c2Cl)C1=O.NC(=O)c1ccc[n+]([C@@H]2O[C@H](COP(=O)(O)OP(=O)(O)OC[C@H]3O[C@@H](n4cnc5c(N)ncnc54)[C@H](OP(=O)(O)O)[C@@H]3O)[C@@H](O)[C@H]2O)c1.O,0.0012494029,0,0.25802895,0,0.01953844,0,0.05621737,0
CCC[C@@H]1C(=O)OC(=Cc2c[nH]c(Cl)c2Cl)C1=O,CC[C@]1(C)C(=O)OC(=Cc2c[nH]c(Cl)c2Cl)C1=O,CCC[C@@H]1C(=O)OC(=Cc2c[nH]c(Cl)c2Cl)C1=O >> CC[C@]1(C)C(=O)OC(=Cc2c[nH]c(Cl)c2Cl)C1=O,rule0028_51,CCC[C@@H]1C(=O)OC(=Cc2c[nH]c(Cl)c2Cl)C1=O>>CC[C@]1(C)C(=O)OC(=Cc2c[nH]c(Cl)c2Cl)C1=O,0.017346866,0,0.486421,0,0.044022255,0,0.036166355,0
O=C(O)CC[C@@H]1C(=O)OC(=Cc2c[nH]c(Cl)c2Cl)C1=O,C[C@@H]1C(=O)OC(=C(CC(=O)O)c2c[nH]c(Cl)c2Cl)C1=O,O=C(O)CC[C@@H]1C(=O)OC(=Cc2c[nH]c(Cl)c2Cl)C1=O >> C[C@@H]1C(=O)OC(=C(CC(=O)O)c2c[nH]c(Cl)c2Cl)C1=O,rule0028_46,O=C(O)CC[C@@H]1C(=O)OC(=Cc2c[nH]c(Cl)c2Cl)C1=O>>C[C@@H]1C(=O)OC(=C(CC(=O)O)c2c[nH]c(Cl)c2Cl)C1=O,0.10202496,0,0.0632575,0,0.9313691,1,0.030775549,0
CC[C@H](C(=O)O)C(=O)C(O)=Cc1c[nH]c(Cl)c1Cl.O,CC[C@H](C(=O)O)C(=O)CO.O=Cc1c[nH]c(Cl)c1Cl,CC[C@H](C(=O)O)C(=O)C(O)=Cc1c[nH]c(Cl)c1Cl.O >> CC[C@H](C(=O)O)C(=O)CO.O=Cc1c[nH]c(Cl)c1Cl,rule0210_1,CC[C@H](C(=O)O)C(=O)C(O)=Cc1c[nH]c(Cl)c1Cl.O>>CC[C@H](C(=O)O)C(=O)CO.O=Cc1c[nH]c(Cl)c1Cl,0.8159572,1,0.23844035,0,0.005320458,0,0.019526925,0
CCC(=C1OC(=O)CC1=O)c1c[nH]c(Cl)c1Cl,CC(=C1OC(=O)C(C)C1=O)c1c[nH]c(Cl)c1Cl,CCC(=C1OC(=O)CC1=O)c1c[nH]c(Cl)c1Cl >> CC(=C1OC(=O)C(C)C1=O)c1c[nH]c(Cl)c1Cl,rule0028_51,CCC(=C1OC(=O)CC1=O)c1c[nH]c(Cl)c1Cl>>CC(=C1OC(=O)C(C)C1=O)c1c[nH]c(Cl)c1Cl,0.0851637,0,0.011431458,0,0.5809633,0,0.2661466,0
CC(O)[C@@H]1C(=O)OC(=Cc2c[nH]c(Cl)c2Cl)C1O.NC(=O)c1ccc[n+]([C@@H]2O[C@H](COP(=O)(O)OP(=O)(O)OC[C@H]3O[C@@H](n4cnc5c(N)ncnc54)[C@H](OP(=O)(O)O)[C@@H]3O)[C@@H](O)[C@H]2O)c1,CC(=O)[C@@H]1C(=O)OC(=Cc2c[nH]c(Cl)c2Cl)C1O.NC(=O)C1=CN([C@@H]2O[C@H](COP(=O)(O)OP(=O)(O)OC[C@H]3O[C@@H](n4cnc5c(N)ncnc54)[C@H](OP(=O)(O)O)[C@@H]3O)[C@@H](O)[C@H]2O)C=CC1,CC(O)[C@@H]1C(=O)OC(=Cc2c[nH]c(Cl)c2Cl)C1O.NC(=O)c1ccc[n+]([C@@H]2O[C@H](COP(=O)(O)OP(=O)(O)OC[C@H]3O[C@@H](n4cnc5c(N)ncnc54)[C@H](OP(=O)(O)O)[C@@H]3O)[C@@H](O)[C@H]2O)c1 >> CC(=O)[C@@H]1C(=O)OC(=Cc2c[nH]c(Cl)c2Cl)C1O.NC(=O)C1=CN([C@@H]2O[C@H](COP(=O)(O)OP(=O)(O)OC[C@H]3O[C@@H](n4cnc5c(N)ncnc54)[C@H](OP(=O)(O)O)[C@@H]3O)[C@@H](O)[C@H]2O)C=CC1,rule0002_153,CC(O)[C@@H]1C(=O)OC(=Cc2c[nH]c(Cl)c2Cl)C1O.NC(=O)c1ccc[n+]([C@@H]2O[C@H](COP(=O)(O)OP(=O)(O)OC[C@H]3O[C@@H](n4cnc5c(N)ncnc54)[C@H](OP(=O)(O)O)[C@@H]3O)[C@@H](O)[C@H]2O)c1>>CC(=O)[C@@H]1C(=O)OC(=Cc2c[nH]c(Cl)c2Cl)C1O.NC(=O)C1=CN([C@@H]2O[C@H](COP(=O)(O)OP(=O)(O)OC[C@H]3O[C@@H](n4cnc5c(N)ncnc54)[C@H](OP(=O)(O)O)[C@@H]3O)[C@@H](O)[C@H]2O)C=CC1,0.0031192433,0,0.01008067,0,0.15668969,0,0.0035051,0
Cc1[nH]c(Cl)c(Cl)c1C=C1OC(=O)[C@@H](C)C1=O.O,Cc1[nH]c(Cl)c(Cl)c1C=C(O)C(=O)[C@H](C)C(=O)O,Cc1[nH]c(Cl)c(Cl)c1C=C1OC(=O)[C@@H](C)C1=O.O >> Cc1[nH]c(Cl)c(Cl)c1C=C(O)C(=O)[C@H](C)C(=O)O,rule0035_7,Cc1[nH]c(Cl)c(Cl)c1C=C1OC(=O)[C@@H](C)C1=O.O>>Cc1[nH]c(Cl)c(Cl)c1C=C(O)C(=O)[C@H](C)C(=O)O,0.19408916,0,0.932994,1,0.6038124,1,0.89285105,1
CC[C@H](C(=O)O)C(=O)C(O)=Cc1c[nH]c(Cl)c1Cl.CC[C@H](C(=O)O)C(=O)C(O)=Cc1c[nH]c(Cl)c1Cl,CCC[C@H](C(=O)O)C(=O)C(O)=Cc1c[nH]c(Cl)c1Cl.C[C@H](C(=O)O)C(=O)C(O)=Cc1c[nH]c(Cl)c1Cl,CC[C@H](C(=O)O)C(=O)C(O)=Cc1c[nH]c(Cl)c1Cl.CC[C@H](C(=O)O)C(=O)C(O)=Cc1c[nH]c(Cl)c1Cl >> CCC[C@H](C(=O)O)C(=O)C(O)=Cc1c[nH]c(Cl)c1Cl.C[C@H](C(=O)O)C(=O)C(O)=Cc1c[nH]c(Cl)c1Cl,rule0126_2,CC[C@H](C(=O)O)C(=O)C(O)=Cc1c[nH]c(Cl)c1Cl.CC[C@H](C(=O)O)C(=O)C(O)=Cc1c[nH]c(Cl)c1Cl>>CCC[C@H](C(=O)O)C(=O)C(O)=Cc1c[nH]c(Cl)c1Cl.C[C@H](C(=O)O)C(=O)C(O)=Cc1c[nH]c(Cl)c1Cl,9.3708266e-05,0,0.101804316,0,0.00062005466,0,0.024647472,0
O=C(O)CC[C@@H]1C(=O)OC(=Cc2c[nH]c(Cl)c2Cl)C1=O,O=C1OC(=Cc2c[nH]c(Cl)c2Cl)C(=O)[C@@H]1C1CC(O)O1,O=C(O)CC[C@@H]1C(=O)OC(=Cc2c[nH]c(Cl)c2Cl)C1=O >> O=C1OC(=Cc2c[nH]c(Cl)c2Cl)C(=O)[C@@H]1C1CC(O)O1,rule0169_1,O=C(O)CC[C@@H]1C(=O)OC(=Cc2c[nH]c(Cl)c2Cl)C1=O>>O=C1OC(=Cc2c[nH]c(Cl)c2Cl)C(=O)[C@@H]1C1CC(O)O1,0.0009232382,0,0.0007316229,0,0.18258771,0,0.07986972,0
CC[C@H](C(=O)O)C(=O)C(O)=Cc1c[nH]c(Cl)c1Cl,CC[C@@]1(C(=O)C(O)=Cc2c[nH]c(Cl)c2Cl)OC1O,CC[C@H](C(=O)O)C(=O)C(O)=Cc1c[nH]c(Cl)c1Cl >> CC[C@@]1(C(=O)C(O)=Cc2c[nH]c(Cl)c2Cl)OC1O,rule0169_1,CC[C@H](C(=O)O)C(=O)C(O)=Cc1c[nH]c(Cl)c1Cl>>CC[C@@]1(C(=O)C(O)=Cc2c[nH]c(Cl)c2Cl)OC1O,0.00014829237,0,0.028998474,0,0.027745832,0,0.092076324,0
CCC(=C1OC(=O)CC1=O)c1c[nH]c(Cl)c1Cl.C[S+](CC[C@H](N)C(=O)O)C[C@H]1O[C@@H](n2cnc3c(N)ncnc32)[C@H](O)[C@@H]1O,CCCC(=C1OC(=O)CC1=O)c1c[nH]c(Cl)c1Cl.Nc1ncnc2c1ncn2[C@@H]1O[C@H](CSCC[C@H](N)C(=O)O)[C@@H](O)[C@H]1O,CCC(=C1OC(=O)CC1=O)c1c[nH]c(Cl)c1Cl.C[S+](CC[C@H](N)C(=O)O)C[C@H]1O[C@@H](n2cnc3c(N)ncnc32)[C@H](O)[C@@H]1O >> CCCC(=C1OC(=O)CC1=O)c1c[nH]c(Cl)c1Cl.Nc1ncnc2c1ncn2[C@@H]1O[C@H](CSCC[C@H](N)C(=O)O)[C@@H](O)[C@H]1O,rule0043_12,CCC(=C1OC(=O)CC1=O)c1c[nH]c(Cl)c1Cl.C[S+](CC[C@H](N)C(=O)O)C[C@H]1O[C@@H](n2cnc3c(N)ncnc32)[C@H](O)[C@@H]1O>>CCCC(=C1OC(=O)CC1=O)c1c[nH]c(Cl)c1Cl.Nc1ncnc2c1ncn2[C@@H]1O[C@H](CSCC[C@H](N)C(=O)O)[C@@H](O)[C@H]1O,0.99796426,1,0.9826011,1,0.42549732,0,0.51953703,0
CC(C(=O)O)[C@@H]1C(=O)OC(=Cc2c[nH]c(Cl)c2Cl)C1=O.N.OO,CC(C(N)O)[C@@H]1C(=O)OC(=Cc2c[nH]c(Cl)c2Cl)C1=O.O.O=O,CC(C(=O)O)[C@@H]1C(=O)OC(=Cc2c[nH]c(Cl)c2Cl)C1=O.N.OO >> CC(C(N)O)[C@@H]1C(=O)OC(=Cc2c[nH]c(Cl)c2Cl)C1=O.O.O=O,rule0091_14,CC(C(=O)O)[C@@H]1C(=O)OC(=Cc2c[nH]c(Cl)c2Cl)C1=O.N.OO>>CC(C(N)O)[C@@H]1C(=O)OC(=Cc2c[nH]c(Cl)c2Cl)C1=O.O.O=O,8.8465737e-07,0,0.0015003884,0,0.00121747,0,0.0006809306,0
CCC[C@@H]1C(=O)OC(=Cc2c[nH]c(Cl)c2Cl)C1=O,CC[C@@H]1C(=O)OC(=Cc2c(C)[nH]c(Cl)c2Cl)C1=O,CCC[C@@H]1C(=O)OC(=Cc2c[nH]c(Cl)c2Cl)C1=O >> CC[C@@H]1C(=O)OC(=Cc2c(C)[nH]c(Cl)c2Cl)C1=O,rule0028_51,CCC[C@@H]1C(=O)OC(=Cc2c[nH]c(Cl)c2Cl)C1=O>>CC[C@@H]1C(=O)OC(=Cc2c(C)[nH]c(Cl)c2Cl)C1=O,0.0027775709,0,0.11204762,0,0.16489299,0,0.24212576,0
NC(=O)c1ccc[n+]([C@@H]2O[C@H](COP(=O)(O)OP(=O)(O)OC[C@H]3O[C@@H](n4cnc5c(N)ncnc54)[C@H](OP(=O)(O)O)[C@@H]3O)[C@@H](O)[C@H]2O)c1.O=C1OC(=Cc2c[nH]c(Cl)c2Cl)C(O)[C@@H]1CCO,NC(=O)C1=CN([C@@H]2O[C@H](COP(=O)(O)OP(=O)(O)OC[C@H]3O[C@@H](n4cnc5c(N)ncnc54)[C@H](OP(=O)(O)O)[C@@H]3O)[C@@H](O)[C@H]2O)C=CC1.O=CC[C@@H]1C(=O)OC(=Cc2c[nH]c(Cl)c2Cl)C1O,NC(=O)c1ccc[n+]([C@@H]2O[C@H](COP(=O)(O)OP(=O)(O)OC[C@H]3O[C@@H](n4cnc5c(N)ncnc54)[C@H](OP(=O)(O)O)[C@@H]3O)[C@@H](O)[C@H]2O)c1.O=C1OC(=Cc2c[nH]c(Cl)c2Cl)C(O)[C@@H]1CCO >> NC(=O)C1=CN([C@@H]2O[C@H](COP(=O)(O)OP(=O)(O)OC[C@H]3O[C@@H](n4cnc5c(N)ncnc54)[C@H](OP(=O)(O)O)[C@@H]3O)[C@@H](O)[C@H]2O)C=CC1.O=CC[C@@H]1C(=O)OC(=Cc2c[nH]c(Cl)c2Cl)C1O,rule0002_147,NC(=O)c1ccc[n+]([C@@H]2O[C@H](COP(=O)(O)OP(=O)(O)OC[C@H]3O[C@@H](n4cnc5c(N)ncnc54)[C@H](OP(=O)(O)O)[C@@H]3O)[C@@H](O)[C@H]2O)c1.O=C1OC(=Cc2c[nH]c(Cl)c2Cl)C(O)[C@@H]1CCO>>NC(=O)C1=CN([C@@H]2O[C@H](COP(=O)(O)OP(=O)(O)OC[C@H]3O[C@@H](n4cnc5c(N)ncnc54)[C@H](OP(=O)(O)O)[C@@H]3O)[C@@H](O)[C@H]2O)C=CC1.O=CC[C@@H]1C(=O)OC(=Cc2c[nH]c(Cl)c2Cl)C1O,0.016212894,0,0.02334877,0,0.035253245,0,0.20204426,0
CC(=C1OC(=O)[C@@H](C)C1=O)c1c[nH]c(Cl)c1Cl.CC(=C1OC(=O)[C@@H](C)C1=O)c1c[nH]c(Cl)c1Cl,CC[C@@H]1C(=O)OC(=C(C)c2c[nH]c(Cl)c2Cl)C1=O.C[C@@H]1C(=O)OC(=Cc2c[nH]c(Cl)c2Cl)C1=O,CC(=C1OC(=O)[C@@H](C)C1=O)c1c[nH]c(Cl)c1Cl.CC(=C1OC(=O)[C@@H](C)C1=O)c1c[nH]c(Cl)c1Cl >> CC[C@@H]1C(=O)OC(=C(C)c2c[nH]c(Cl)c2Cl)C1=O.C[C@@H]1C(=O)OC(=Cc2c[nH]c(Cl)c2Cl)C1=O,rule0126_2,CC(=C1OC(=O)[C@@H](C)C1=O)c1c[nH]c(Cl)c1Cl.CC(=C1OC(=O)[C@@H](C)C1=O)c1c[nH]c(Cl)c1Cl>>CC[C@@H]1C(=O)OC(=C(C)c2c[nH]c(Cl)c2Cl)C1=O.C[C@@H]1C(=O)OC(=Cc2c[nH]c(Cl)c2Cl)C1=O,0.04860151,0,0.0029732,0,0.005945117,0,0.645805,0
CC[C@H](C(=O)O)C(=O)C(O)=Cc1c[nH]c(Cl)c1Cl,CC1OC(O)[C@@H]1C(=O)C(O)=Cc1c[nH]c(Cl)c1Cl,CC[C@H](C(=O)O)C(=O)C(O)=Cc1c[nH]c(Cl)c1Cl >> CC1OC(O)[C@@H]1C(=O)C(O)=Cc1c[nH]c(Cl)c1Cl,rule0169_1,CC[C@H](C(=O)O)C(=O)C(O)=Cc1c[nH]c(Cl)c1Cl>>CC1OC(O)[C@@H]1C(=O)C(O)=Cc1c[nH]c(Cl)c1Cl,0.022711845,0,0.38922387,0,0.036453817,0,0.1584171,0
CC(O)[C@@H]1C(=O)OC(=Cc2c[nH]c(Cl)c2Cl)C1=O.CC(O)[C@@H]1C(=O)OC(=Cc2c[nH]c(Cl)c2Cl)C1=O,CC(O)[C@@]1(C)C(=O)OC(=Cc2c[nH]c(Cl)c2Cl)C1=O.O=C1OC(=Cc2c[nH]c(Cl)c2Cl)C(=O)[C@@H]1CO,CC(O)[C@@H]1C(=O)OC(=Cc2c[nH]c(Cl)c2Cl)C1=O.CC(O)[C@@H]1C(=O)OC(=Cc2c[nH]c(Cl)c2Cl)C1=O >> CC(O)[C@@]1(C)C(=O)OC(=Cc2c[nH]c(Cl)c2Cl)C1=O.O=C1OC(=Cc2c[nH]c(Cl)c2Cl)C(=O)[C@@H]1CO,rule0126_2,CC(O)[C@@H]1C(=O)OC(=Cc2c[nH]c(Cl)c2Cl)C1=O.CC(O)[C@@H]1C(=O)OC(=Cc2c[nH]c(Cl)c2Cl)C1=O>>CC(O)[C@@]1(C)C(=O)OC(=Cc2c[nH]c(Cl)c2Cl)C1=O.O=C1OC(=Cc2c[nH]c(Cl)c2Cl)C(=O)[C@@H]1CO,0.0011456846,0,0.00069160777,0,0.0010036597,0,0.5373457,0
CC[C@@]1(C)C(=O)OC(=Cc2c[nH]c(Cl)c2Cl)C1=O,CCC(=C1OC(=O)[C@@H](C)C1=O)c1c[nH]c(Cl)c1Cl,CC[C@@]1(C)C(=O)OC(=Cc2c[nH]c(Cl)c2Cl)C1=O >> CCC(=C1OC(=O)[C@@H](C)C1=O)c1c[nH]c(Cl)c1Cl,rule0028_51,CC[C@@]1(C)C(=O)OC(=Cc2c[nH]c(Cl)c2Cl)C1=O>>CCC(=C1OC(=O)[C@@H](C)C1=O)c1c[nH]c(Cl)c1Cl,0.24981542,0,0.063301526,0,0.8291725,1,0.25368205,0
CC[C@H](C(=O)O)C(=O)C(O)=Cc1c[nH]c(Cl)c1Cl,CC1C(=O)[C@@H]1C(=O)C(O)=Cc1c[nH]c(Cl)c1Cl.O,CC[C@H](C(=O)O)C(=O)C(O)=Cc1c[nH]c(Cl)c1Cl >> CC1C(=O)[C@@H]1C(=O)C(O)=Cc1c[nH]c(Cl)c1Cl.O,rule0245_1,CC[C@H](C(=O)O)C(=O)C(O)=Cc1c[nH]c(Cl)c1Cl>>CC1C(=O)[C@@H]1C(=O)C(O)=Cc1c[nH]c(Cl)c1Cl.O,0.11648445,0,0.3425533,0,0.12397329,0,0.1236617,0
CC[C@H](C(=O)O)C(=O)C(O)=Cc1c[nH]c(Cl)c1Cl,CC(=C(O)C(=O)[C@H](C)C(=O)O)c1c[nH]c(Cl)c1Cl,CC[C@H](C(=O)O)C(=O)C(O)=Cc1c[nH]c(Cl)c1Cl >> CC(=C(O)C(=O)[C@H](C)C(=O)O)c1c[nH]c(Cl)c1Cl,rule0028_46,CC[C@H](C(=O)O)C(=O)C(O)=Cc1c[nH]c(Cl)c1Cl>>CC(=C(O)C(=O)[C@H](C)C(=O)O)c1c[nH]c(Cl)c1Cl,0.68396586,1,0.35045186,0,0.2076734,0,0.31277454,0
CC(C(=O)O)[C@@H]1C(=O)OC(=Cc2c[nH]c(Cl)c2Cl)C1=O.NC(=O)c1ccc[n+]([C@@H]2O[C@H](COP(=O)(O)OP(=O)(O)OC[C@H]3O[C@@H](n4cnc5c(N)ncnc54)[C@H](OP(=O)(O)O)[C@@H]3O)[C@@H](O)[C@H]2O)c1.O,CC(C=O)[C@@H]1C(=O)OC(=Cc2c[nH]c(Cl)c2Cl)C1=O.NC(=O)C1=CN([C@@H]2O[C@H](COP(=O)(O)OP(=O)(O)OC[C@H]3O[C@@H](n4cnc5c(N)ncnc54)[C@H](OP(=O)(O)O)[C@@H]3O)[C@@H](O)[C@H]2O)C=CC1.O=O,CC(C(=O)O)[C@@H]1C(=O)OC(=Cc2c[nH]c(Cl)c2Cl)C1=O.NC(=O)c1ccc[n+]([C@@H]2O[C@H](COP(=O)(O)OP(=O)(O)OC[C@H]3O[C@@H](n4cnc5c(N)ncnc54)[C@H](OP(=O)(O)O)[C@@H]3O)[C@@H](O)[C@H]2O)c1.O >> CC(C=O)[C@@H]1C(=O)OC(=Cc2c[nH]c(Cl)c2Cl)C1=O.NC(=O)C1=CN([C@@H]2O[C@H](COP(=O)(O)OP(=O)(O)OC[C@H]3O[C@@H](n4cnc5c(N)ncnc54)[C@H](OP(=O)(O)O)[C@@H]3O)[C@@H](O)[C@H]2O)C=CC1.O=O,rule0005_60,CC(C(=O)O)[C@@H]1C(=O)OC(=Cc2c[nH]c(Cl)c2Cl)C1=O.NC(=O)c1ccc[n+]([C@@H]2O[C@H](COP(=O)(O)OP(=O)(O)OC[C@H]3O[C@@H](n4cnc5c(N)ncnc54)[C@H](OP(=O)(O)O)[C@@H]3O)[C@@H](O)[C@H]2O)c1.O>>CC(C=O)[C@@H]1C(=O)OC(=Cc2c[nH]c(Cl)c2Cl)C1=O.NC(=O)C1=CN([C@@H]2O[C@H](COP(=O)(O)OP(=O)(O)OC[C@H]3O[C@@H](n4cnc5c(N)ncnc54)[C@H](OP(=O)(O)O)[C@@H]3O)[C@@H](O)[C@H]2O)C=CC1.O=O,2.923238e-07,0,9.448892e-07,0,2.5290005e-06,0,0.00016141123,0
C[S+](CC[C@H](N)C(=O)O)C[C@H]1O[C@@H](n2cnc3c(N)ncnc32)[C@H](O)[C@@H]1O.O=C1OC(=Cc2c[nH]c(Cl)c2Cl)C(O)[C@@H]1CCO,COCC[C@@H]1C(=O)OC(=Cc2c[nH]c(Cl)c2Cl)C1O.Nc1ncnc2c1ncn2[C@@H]1O[C@H](CSCC[C@H](N)C(=O)O)[C@@H](O)[C@H]1O,C[S+](CC[C@H](N)C(=O)O)C[C@H]1O[C@@H](n2cnc3c(N)ncnc32)[C@H](O)[C@@H]1O.O=C1OC(=Cc2c[nH]c(Cl)c2Cl)C(O)[C@@H]1CCO >> COCC[C@@H]1C(=O)OC(=Cc2c[nH]c(Cl)c2Cl)C1O.Nc1ncnc2c1ncn2[C@@H]1O[C@H](CSCC[C@H](N)C(=O)O)[C@@H](O)[C@H]1O,rule0011_50,C[S+](CC[C@H](N)C(=O)O)C[C@H]1O[C@@H](n2cnc3c(N)ncnc32)[C@H](O)[C@@H]1O.O=C1OC(=Cc2c[nH]c(Cl)c2Cl)C(O)[C@@H]1CCO>>COCC[C@@H]1C(=O)OC(=Cc2c[nH]c(Cl)c2Cl)C1O.Nc1ncnc2c1ncn2[C@@H]1O[C@H](CSCC[C@H](N)C(=O)O)[C@@H](O)[C@H]1O,0.9806857,1,0.95701385,1,0.07391624,0,0.92199457,1
CC(C(=O)O)[C@@H]1C(=O)OC(=Cc2c[nH]c(Cl)c2Cl)C1=O,CC[C@@H]1C(=O)OC(=C(C(=O)O)c2c[nH]c(Cl)c2Cl)C1=O,CC(C(=O)O)[C@@H]1C(=O)OC(=Cc2c[nH]c(Cl)c2Cl)C1=O >> CC[C@@H]1C(=O)OC(=C(C(=O)O)c2c[nH]c(Cl)c2Cl)C1=O,rule0028_50,CC(C(=O)O)[C@@H]1C(=O)OC(=Cc2c[nH]c(Cl)c2Cl)C1=O>>CC[C@@H]1C(=O)OC(=C(C(=O)O)c2c[nH]c(Cl)c2Cl)C1=O,0.4156728,0,0.897113,1,0.9743164,1,0.85171694,1
Cl.O=C(O)CC[C@@H]1C(=O)OC(=Cc2c[nH]c(Cl)c2Cl)C1=O,O.O=C(Cl)CC[C@@H]1C(=O)OC(=Cc2c[nH]c(Cl)c2Cl)C1=O,Cl.O=C(O)CC[C@@H]1C(=O)OC(=Cc2c[nH]c(Cl)c2Cl)C1=O >> O.O=C(Cl)CC[C@@H]1C(=O)OC(=Cc2c[nH]c(Cl)c2Cl)C1=O,rule0183_6,Cl.O=C(O)CC[C@@H]1C(=O)OC(=Cc2c[nH]c(Cl)c2Cl)C1=O>>O.O=C(Cl)CC[C@@H]1C(=O)OC(=Cc2c[nH]c(Cl)c2Cl)C1=O,0.0085236775,0,0.0016518311,0,0.20012803,0,0.25368398,0
CC(=C1OC(=O)[C@@H](C)C1=O)c1c[nH]c(Cl)c1Cl.NC(=O)C1=CN([C@@H]2O[C@H](COP(=O)(O)OP(=O)(O)OC[C@H]3O[C@@H](n4cnc5c(N)ncnc54)[C@H](OP(=O)(O)O)[C@@H]3O)[C@@H](O)[C@H]2O)C=CC1.O=O,C[C@@H]1C(=O)OC(=C(CO)c2c[nH]c(Cl)c2Cl)C1=O.NC(=O)c1ccc[n+]([C@@H]2O[C@H](COP(=O)(O)OP(=O)(O)OC[C@H]3O[C@@H](n4cnc5c(N)ncnc54)[C@H](OP(=O)(O)O)[C@@H]3O)[C@@H](O)[C@H]2O)c1.O,CC(=C1OC(=O)[C@@H](C)C1=O)c1c[nH]c(Cl)c1Cl.NC(=O)C1=CN([C@@H]2O[C@H](COP(=O)(O)OP(=O)(O)OC[C@H]3O[C@@H](n4cnc5c(N)ncnc54)[C@H](OP(=O)(O)O)[C@@H]3O)[C@@H](O)[C@H]2O)C=CC1.O=O >> C[C@@H]1C(=O)OC(=C(CO)c2c[nH]c(Cl)c2Cl)C1=O.NC(=O)c1ccc[n+]([C@@H]2O[C@H](COP(=O)(O)OP(=O)(O)OC[C@H]3O[C@@H](n4cnc5c(N)ncnc54)[C@H](OP(=O)(O)O)[C@@H]3O)[C@@H](O)[C@H]2O)c1.O,rule0004_13,CC(=C1OC(=O)[C@@H](C)C1=O)c1c[nH]c(Cl)c1Cl.NC(=O)C1=CN([C@@H]2O[C@H](COP(=O)(O)OP(=O)(O)OC[C@H]3O[C@@H](n4cnc5c(N)ncnc54)[C@H](OP(=O)(O)O)[C@@H]3O)[C@@H](O)[C@H]2O)C=CC1.O=O>>C[C@@H]1C(=O)OC(=C(CO)c2c[nH]c(Cl)c2Cl)C1=O.NC(=O)c1ccc[n+]([C@@H]2O[C@H](COP(=O)(O)OP(=O)(O)OC[C@H]3O[C@@H](n4cnc5c(N)ncnc54)[C@H](OP(=O)(O)O)[C@@H]3O)[C@@H](O)[C@H]2O)c1.O,0.027338203,0,0.40626144,0,0.22948591,0,0.71654046,1
CC(C(=O)O)[C@@H]1C(=O)OC(=Cc2c[nH]c(Cl)c2Cl)C1=O.N.NC(=O)C1=CN([C@@H]2O[C@H](COP(=O)(O)OP(=O)(O)OC[C@H]3O[C@@H](n4cnc5c(N)ncnc54)[C@H](OP(=O)(O)O)[C@@H]3O)[C@@H](O)[C@H]2O)C=CC1,CC(C(N)O)[C@@H]1C(=O)OC(=Cc2c[nH]c(Cl)c2Cl)C1=O.NC(=O)c1ccc[n+]([C@@H]2O[C@H](COP(=O)(O)OP(=O)(O)OC[C@H]3O[C@@H](n4cnc5c(N)ncnc54)[C@H](OP(=O)(O)O)[C@@H]3O)[C@@H](O)[C@H]2O)c1.O,CC(C(=O)O)[C@@H]1C(=O)OC(=Cc2c[nH]c(Cl)c2Cl)C1=O.N.NC(=O)C1=CN([C@@H]2O[C@H](COP(=O)(O)OP(=O)(O)OC[C@H]3O[C@@H](n4cnc5c(N)ncnc54)[C@H](OP(=O)(O)O)[C@@H]3O)[C@@H](O)[C@H]2O)C=CC1 >> CC(C(N)O)[C@@H]1C(=O)OC(=Cc2c[nH]c(Cl)c2Cl)C1=O.NC(=O)c1ccc[n+]([C@@H]2O[C@H](COP(=O)(O)OP(=O)(O)OC[C@H]3O[C@@H](n4cnc5c(N)ncnc54)[C@H](OP(=O)(O)O)[C@@H]3O)[C@@H](O)[C@H]2O)c1.O,rule0166_2,CC(C(=O)O)[C@@H]1C(=O)OC(=Cc2c[nH]c(Cl)c2Cl)C1=O.N.NC(=O)C1=CN([C@@H]2O[C@H](COP(=O)(O)OP(=O)(O)OC[C@H]3O[C@@H](n4cnc5c(N)ncnc54)[C@H](OP(=O)(O)O)[C@@H]3O)[C@@H](O)[C@H]2O)C=CC1>>CC(C(N)O)[C@@H]1C(=O)OC(=Cc2c[nH]c(Cl)c2Cl)C1=O.NC(=O)c1ccc[n+]([C@@H]2O[C@H](COP(=O)(O)OP(=O)(O)OC[C@H]3O[C@@H](n4cnc5c(N)ncnc54)[C@H](OP(=O)(O)O)[C@@H]3O)[C@@H](O)[C@H]2O)c1.O,0.00028221455,0,0.081256814,0,0.121039964,0,0.17983285,0
CCC(=C1OC(=O)CC1=O)c1c[nH]c(Cl)c1Cl.NC(=O)C1=CN([C@@H]2O[C@H](COP(=O)(O)OP(=O)(O)OC[C@H]3O[C@@H](n4cnc5c(N)ncnc54)[C@H](OP(=O)(O)O)[C@@H]3O)[C@@H](O)[C@H]2O)C=CC1.O=O,NC(=O)c1ccc[n+]([C@@H]2O[C@H](COP(=O)(O)OP(=O)(O)OC[C@H]3O[C@@H](n4cnc5c(N)ncnc54)[C@H](OP(=O)(O)O)[C@@H]3O)[C@@H](O)[C@H]2O)c1.O.O=C1CC(=O)C(=C(CCO)c2c[nH]c(Cl)c2Cl)O1,CCC(=C1OC(=O)CC1=O)c1c[nH]c(Cl)c1Cl.NC(=O)C1=CN([C@@H]2O[C@H](COP(=O)(O)OP(=O)(O)OC[C@H]3O[C@@H](n4cnc5c(N)ncnc54)[C@H](OP(=O)(O)O)[C@@H]3O)[C@@H](O)[C@H]2O)C=CC1.O=O >> NC(=O)c1ccc[n+]([C@@H]2O[C@H](COP(=O)(O)OP(=O)(O)OC[C@H]3O[C@@H](n4cnc5c(N)ncnc54)[C@H](OP(=O)(O)O)[C@@H]3O)[C@@H](O)[C@H]2O)c1.O.O=C1CC(=O)C(=C(CCO)c2c[nH]c(Cl)c2Cl)O1,rule0004_13,CCC(=C1OC(=O)CC1=O)c1c[nH]c(Cl)c1Cl.NC(=O)C1=CN([C@@H]2O[C@H](COP(=O)(O)OP(=O)(O)OC[C@H]3O[C@@H](n4cnc5c(N)ncnc54)[C@H](OP(=O)(O)O)[C@@H]3O)[C@@H](O)[C@H]2O)C=CC1.O=O>>NC(=O)c1ccc[n+]([C@@H]2O[C@H](COP(=O)(O)OP(=O)(O)OC[C@H]3O[C@@H](n4cnc5c(N)ncnc54)[C@H](OP(=O)(O)O)[C@@H]3O)[C@@H](O)[C@H]2O)c1.O.O=C1CC(=O)C(=C(CCO)c2c[nH]c(Cl)c2Cl)O1,0.14525111,0,0.48165613,0,0.3374596,0,0.2635463,0
CC[C@H](C(=O)O)C(=O)C(O)=Cc1c[nH]c(Cl)c1Cl.C[S+](CC[C@H](N)C(=O)O)C[C@H]1O[C@@H](n2cnc3c(N)ncnc32)[C@H](O)[C@@H]1O,CC[C@H](C(=O)OC)C(=O)C(O)=Cc1c[nH]c(Cl)c1Cl.Nc1ncnc2c1ncn2[C@@H]1O[C@H](CSCC[C@H](N)C(=O)O)[C@@H](O)[C@H]1O,CC[C@H](C(=O)O)C(=O)C(O)=Cc1c[nH]c(Cl)c1Cl.C[S+](CC[C@H](N)C(=O)O)C[C@H]1O[C@@H](n2cnc3c(N)ncnc32)[C@H](O)[C@@H]1O >> CC[C@H](C(=O)OC)C(=O)C(O)=Cc1c[nH]c(Cl)c1Cl.Nc1ncnc2c1ncn2[C@@H]1O[C@H](CSCC[C@H](N)C(=O)O)[C@@H](O)[C@H]1O,rule0011_48,CC[C@H](C(=O)O)C(=O)C(O)=Cc1c[nH]c(Cl)c1Cl.C[S+](CC[C@H](N)C(=O)O)C[C@H]1O[C@@H](n2cnc3c(N)ncnc32)[C@H](O)[C@@H]1O>>CC[C@H](C(=O)OC)C(=O)C(O)=Cc1c[nH]c(Cl)c1Cl.Nc1ncnc2c1ncn2[C@@H]1O[C@H](CSCC[C@H](N)C(=O)O)[C@@H](O)[C@H]1O,0.8760342,1,0.803093,1,0.0669907,0,0.844132,1
O=C1OC(=Cc2c[nH]c(Cl)c2Cl)C(O)[C@@H]1CCO.O=C1OC(=Cc2c[nH]c(Cl)c2Cl)C(O)[C@@H]1CCO,C[C@@H]1C(=O)OC(=Cc2c[nH]c(Cl)c2Cl)C1O.O=C1OC(=Cc2c[nH]c(Cl)c2Cl)C(O)[C@@H]1CC(O)CO,O=C1OC(=Cc2c[nH]c(Cl)c2Cl)C(O)[C@@H]1CCO.O=C1OC(=Cc2c[nH]c(Cl)c2Cl)C(O)[C@@H]1CCO >> C[C@@H]1C(=O)OC(=Cc2c[nH]c(Cl)c2Cl)C1O.O=C1OC(=Cc2c[nH]c(Cl)c2Cl)C(O)[C@@H]1CC(O)CO,rule0126_2,O=C1OC(=Cc2c[nH]c(Cl)c2Cl)C(O)[C@@H]1CCO.O=C1OC(=Cc2c[nH]c(Cl)c2Cl)C(O)[C@@H]1CCO>>C[C@@H]1C(=O)OC(=Cc2c[nH]c(Cl)c2Cl)C1O.O=C1OC(=Cc2c[nH]c(Cl)c2Cl)C(O)[C@@H]1CC(O)CO,0.12324435,0,0.11433909,0,0.03543038,0,0.10090235,0
CC(O)[C@H]1C(=O)C(=Cc2c[nH]c(Cl)c2Cl)OC1O,C.O=C[C@H]1C(=O)C(=Cc2c[nH]c(Cl)c2Cl)OC1O,CC(O)[C@H]1C(=O)C(=Cc2c[nH]c(Cl)c2Cl)OC1O >> C.O=C[C@H]1C(=O)C(=Cc2c[nH]c(Cl)c2Cl)OC1O,rule0053_20,CC(O)[C@H]1C(=O)C(=Cc2c[nH]c(Cl)c2Cl)OC1O>>C.O=C[C@H]1C(=O)C(=Cc2c[nH]c(Cl)c2Cl)OC1O,0.0324869,0,0.59411806,1,0.029683169,0,0.4703292,0
CC(=C1OC(=O)[C@@H](C)C1=O)c1c[nH]c(Cl)c1Cl,CC[C@@H]1C(=O)OC(=Cc2c[nH]c(Cl)c2Cl)C1=O,CC(=C1OC(=O)[C@@H](C)C1=O)c1c[nH]c(Cl)c1Cl >> CC[C@@H]1C(=O)OC(=Cc2c[nH]c(Cl)c2Cl)C1=O,rule0028_51,CC(=C1OC(=O)[C@@H](C)C1=O)c1c[nH]c(Cl)c1Cl>>CC[C@@H]1C(=O)OC(=Cc2c[nH]c(Cl)c2Cl)C1=O,0.0019777815,0,0.6104702,1,0.2902586,0,0.5786029,0
CC[C@H](C(=O)O)C(=O)C(O)=Cc1c[nH]c(Cl)c1Cl.NC(=O)c1ccc[n+]([C@@H]2O[C@H](COP(=O)(O)OP(=O)(O)OC[C@H]3O[C@@H](n4cnc5c(N)ncnc54)[C@H](OP(=O)(O)O)[C@@H]3O)[C@@H](O)[C@H]2O)c1.O,CC[C@H](C=O)C(=O)C(O)=Cc1c[nH]c(Cl)c1Cl.NC(=O)C1=CN([C@@H]2O[C@H](COP(=O)(O)OP(=O)(O)OC[C@H]3O[C@@H](n4cnc5c(N)ncnc54)[C@H](OP(=O)(O)O)[C@@H]3O)[C@@H](O)[C@H]2O)C=CC1.O=O,CC[C@H](C(=O)O)C(=O)C(O)=Cc1c[nH]c(Cl)c1Cl.NC(=O)c1ccc[n+]([C@@H]2O[C@H](COP(=O)(O)OP(=O)(O)OC[C@H]3O[C@@H](n4cnc5c(N)ncnc54)[C@H](OP(=O)(O)O)[C@@H]3O)[C@@H](O)[C@H]2O)c1.O >> CC[C@H](C=O)C(=O)C(O)=Cc1c[nH]c(Cl)c1Cl.NC(=O)C1=CN([C@@H]2O[C@H](COP(=O)(O)OP(=O)(O)OC[C@H]3O[C@@H](n4cnc5c(N)ncnc54)[C@H](OP(=O)(O)O)[C@@H]3O)[C@@H](O)[C@H]2O)C=CC1.O=O,rule0005_60,CC[C@H](C(=O)O)C(=O)C(O)=Cc1c[nH]c(Cl)c1Cl.NC(=O)c1ccc[n+]([C@@H]2O[C@H](COP(=O)(O)OP(=O)(O)OC[C@H]3O[C@@H](n4cnc5c(N)ncnc54)[C@H](OP(=O)(O)O)[C@@H]3O)[C@@H](O)[C@H]2O)c1.O>>CC[C@H](C=O)C(=O)C(O)=Cc1c[nH]c(Cl)c1Cl.NC(=O)C1=CN([C@@H]2O[C@H](COP(=O)(O)OP(=O)(O)OC[C@H]3O[C@@H](n4cnc5c(N)ncnc54)[C@H](OP(=O)(O)O)[C@@H]3O)[C@@H](O)[C@H]2O)C=CC1.O=O,6.4105775e-06,0,0.00015549037,0,5.5309183e-06,0,0.00012959968,0
CC[C@H](C(=O)O)C(=O)C(O)=Cc1c[nH]c(Cl)c1Cl,CC[C@H](C(=O)O)C(O)c1cc2c(Cl)c(Cl)[nH]c2o1,CC[C@H](C(=O)O)C(=O)C(O)=Cc1c[nH]c(Cl)c1Cl >> CC[C@H](C(=O)O)C(O)c1cc2c(Cl)c(Cl)[nH]c2o1,rule0169_1,CC[C@H](C(=O)O)C(=O)C(O)=Cc1c[nH]c(Cl)c1Cl>>CC[C@H](C(=O)O)C(O)c1cc2c(Cl)c(Cl)[nH]c2o1,0.06910665,0,0.09619081,0,0.7640101,1,0.2706917,0
CC(O)[C@@H]1C(=O)OC(=Cc2c[nH]c(Cl)c2Cl)C1=O,CC(O)c1[nH]c(Cl)c(Cl)c1C=C1OC(=O)CC1=O,CC(O)[C@@H]1C(=O)OC(=Cc2c[nH]c(Cl)c2Cl)C1=O >> CC(O)c1[nH]c(Cl)c(Cl)c1C=C1OC(=O)CC1=O,rule0028_50,CC(O)[C@@H]1C(=O)OC(=Cc2c[nH]c(Cl)c2Cl)C1=O>>CC(O)c1[nH]c(Cl)c(Cl)c1C=C1OC(=O)CC1=O,0.02103206,0,0.11007447,0,0.870485,1,0.18368623,0
CC[C@H](C(=O)O)C(=O)C(O)=Cc1c[nH]c(Cl)c1Cl.CC[C@H](C(=O)O)C(=O)C(O)=Cc1c[nH]c(Cl)c1Cl,CC[C@H](C(=O)O)C(=O)C(O)=C(C)c1c[nH]c(Cl)c1Cl.C[C@H](C(=O)O)C(=O)C(O)=Cc1c[nH]c(Cl)c1Cl,CC[C@H](C(=O)O)C(=O)C(O)=Cc1c[nH]c(Cl)c1Cl.CC[C@H](C(=O)O)C(=O)C(O)=Cc1c[nH]c(Cl)c1Cl >> CC[C@H](C(=O)O)C(=O)C(O)=C(C)c1c[nH]c(Cl)c1Cl.C[C@H](C(=O)O)C(=O)C(O)=Cc1c[nH]c(Cl)c1Cl,rule0126_2,CC[C@H](C(=O)O)C(=O)C(O)=Cc1c[nH]c(Cl)c1Cl.CC[C@H](C(=O)O)C(=O)C(O)=Cc1c[nH]c(Cl)c1Cl>>CC[C@H](C(=O)O)C(=O)C(O)=C(C)c1c[nH]c(Cl)c1Cl.C[C@H](C(=O)O)C(=O)C(O)=Cc1c[nH]c(Cl)c1Cl,0.017374957,0,0.158761,0,9.531034e-05,0,0.20031762,0
CC[C@H](C(=O)O)C(=O)C(O)=Cc1c[nH]c(Cl)c1Cl,CC(CC(=O)O)C(=O)C(O)=Cc1c[nH]c(Cl)c1Cl,CC[C@H](C(=O)O)C(=O)C(O)=Cc1c[nH]c(Cl)c1Cl >> CC(CC(=O)O)C(=O)C(O)=Cc1c[nH]c(Cl)c1Cl,rule0028_47,CC[C@H](C(=O)O)C(=O)C(O)=Cc1c[nH]c(Cl)c1Cl>>CC(CC(=O)O)C(=O)C(O)=Cc1c[nH]c(Cl)c1Cl,0.17894678,0,0.92702156,1,0.14048712,0,0.5722006,0
CCC[C@@H]1C(=O)OC(=Cc2c[nH]c(Cl)c2Cl)C1=O,CCCc1[nH]c(Cl)c(Cl)c1C=C1OC(=O)CC1=O,CCC[C@@H]1C(=O)OC(=Cc2c[nH]c(Cl)c2Cl)C1=O >> CCCc1[nH]c(Cl)c(Cl)c1C=C1OC(=O)CC1=O,rule0028_51,CCC[C@@H]1C(=O)OC(=Cc2c[nH]c(Cl)c2Cl)C1=O>>CCCc1[nH]c(Cl)c(Cl)c1C=C1OC(=O)CC1=O,0.25662443,0,0.64825183,1,0.49538693,0,0.053661887,0
O=C1C(=Cc2c[nH]c(Cl)c2Cl)OC(O)[C@H]1CCO,CC[C@@H]1C(=O)OC(=Cc2c[nH]c(Cl)c2Cl)C1=O.O,O=C1C(=Cc2c[nH]c(Cl)c2Cl)OC(O)[C@H]1CCO >> CC[C@@H]1C(=O)OC(=Cc2c[nH]c(Cl)c2Cl)C1=O.O,rule0071_5,O=C1C(=Cc2c[nH]c(Cl)c2Cl)OC(O)[C@H]1CCO>>CC[C@@H]1C(=O)OC(=Cc2c[nH]c(Cl)c2Cl)C1=O.O,0.15063496,0,0.7904192,1,0.29062808,0,0.97546446,1
O=C(O)CC[C@@H]1C(=O)OC(=Cc2c[nH]c(Cl)c2Cl)C1=O,CC[C@@H]1C(=O)OC(=Cc2c[nH]c(Cl)c2Cl)C1=O.O=C=O,O=C(O)CC[C@@H]1C(=O)OC(=Cc2c[nH]c(Cl)c2Cl)C1=O >> CC[C@@H]1C(=O)OC(=Cc2c[nH]c(Cl)c2Cl)C1=O.O=C=O,rule0024_52,O=C(O)CC[C@@H]1C(=O)OC(=Cc2c[nH]c(Cl)c2Cl)C1=O>>CC[C@@H]1C(=O)OC(=Cc2c[nH]c(Cl)c2Cl)C1=O.O=C=O,0.6875866,1,0.3022924,0,0.95924467,1,0.9721333,1
CC[C@H](C(=O)O)C(=O)C(O)=Cc1c[nH]c(Cl)c1Cl,CC[C@H](C(=O)O)C1(O)OC1=Cc1c[nH]c(Cl)c1Cl,CC[C@H](C(=O)O)C(=O)C(O)=Cc1c[nH]c(Cl)c1Cl >> CC[C@H](C(=O)O)C1(O)OC1=Cc1c[nH]c(Cl)c1Cl,rule0063_1,CC[C@H](C(=O)O)C(=O)C(O)=Cc1c[nH]c(Cl)c1Cl>>CC[C@H](C(=O)O)C1(O)OC1=Cc1c[nH]c(Cl)c1Cl,0.45528224,0,0.33099723,0,0.1176448,0,0.08901164,0
O=C1C(=Cc2c[nH]c(Cl)c2Cl)OC(O)[C@H]1CCO,C[C@H]1C(=O)C(=Cc2c(CO)[nH]c(Cl)c2Cl)OC1O,O=C1C(=Cc2c[nH]c(Cl)c2Cl)OC(O)[C@H]1CCO >> C[C@H]1C(=O)C(=Cc2c(CO)[nH]c(Cl)c2Cl)OC1O,rule0028_50,O=C1C(=Cc2c[nH]c(Cl)c2Cl)OC(O)[C@H]1CCO>>C[C@H]1C(=O)C(=Cc2c(CO)[nH]c(Cl)c2Cl)OC1O,0.0047266055,0,0.03517186,0,0.5580161,0,0.53290594,0
CC[C@H](C(=O)O)C(=O)C(O)=Cc1c[nH]c(Cl)c1Cl.N,CC[C@H](C#N)C(=O)C(O)=Cc1c[nH]c(Cl)c1Cl.O.O,CC[C@H](C(=O)O)C(=O)C(O)=Cc1c[nH]c(Cl)c1Cl.N >> CC[C@H](C#N)C(=O)C(O)=Cc1c[nH]c(Cl)c1Cl.O.O,rule0242_3,CC[C@H](C(=O)O)C(=O)C(O)=Cc1c[nH]c(Cl)c1Cl.N>>CC[C@H](C#N)C(=O)C(O)=Cc1c[nH]c(Cl)c1Cl.O.O,0.1664231,0,0.7649247,1,0.23309581,0,0.16220208,0
CCC[C@@H]1C(=O)OC(=Cc2c[nH]c(Cl)c2Cl)C1=O,CCc1[nH]c(Cl)c(Cl)c1C=C1OC(=O)[C@@H](C)C1=O,CCC[C@@H]1C(=O)OC(=Cc2c[nH]c(Cl)c2Cl)C1=O >> CCc1[nH]c(Cl)c(Cl)c1C=C1OC(=O)[C@@H](C)C1=O,rule0028_51,CCC[C@@H]1C(=O)OC(=Cc2c[nH]c(Cl)c2Cl)C1=O>>CCc1[nH]c(Cl)c(Cl)c1C=C1OC(=O)[C@@H](C)C1=O,0.0014454349,0,0.024717953,0,0.16551983,0,0.07862333,0
CC(C(=O)O)[C@@H]1C(=O)OC(=Cc2c[nH]c(Cl)c2Cl)C1=O.NC(=O)C1=CN([C@@H]2O[C@H](COP(=O)(O)OP(=O)(O)OC[C@H]3O[C@@H](n4cnc5c(N)ncnc54)[C@H](OP(=O)(O)O)[C@@H]3O)[C@@H](O)[C@H]2O)C=CC1,CC(C=O)[C@@H]1C(=O)OC(=Cc2c[nH]c(Cl)c2Cl)C1=O.NC(=O)c1ccc[n+]([C@@H]2O[C@H](COP(=O)(O)OP(=O)(O)OC[C@H]3O[C@@H](n4cnc5c(N)ncnc54)[C@H](OP(=O)(O)O)[C@@H]3O)[C@@H](O)[C@H]2O)c1.O,CC(C(=O)O)[C@@H]1C(=O)OC(=Cc2c[nH]c(Cl)c2Cl)C1=O.NC(=O)C1=CN([C@@H]2O[C@H](COP(=O)(O)OP(=O)(O)OC[C@H]3O[C@@H](n4cnc5c(N)ncnc54)[C@H](OP(=O)(O)O)[C@@H]3O)[C@@H](O)[C@H]2O)C=CC1 >> CC(C=O)[C@@H]1C(=O)OC(=Cc2c[nH]c(Cl)c2Cl)C1=O.NC(=O)c1ccc[n+]([C@@H]2O[C@H](COP(=O)(O)OP(=O)(O)OC[C@H]3O[C@@H](n4cnc5c(N)ncnc54)[C@H](OP(=O)(O)O)[C@@H]3O)[C@@H](O)[C@H]2O)c1.O,rule0025_35,CC(C(=O)O)[C@@H]1C(=O)OC(=Cc2c[nH]c(Cl)c2Cl)C1=O.NC(=O)C1=CN([C@@H]2O[C@H](COP(=O)(O)OP(=O)(O)OC[C@H]3O[C@@H](n4cnc5c(N)ncnc54)[C@H](OP(=O)(O)O)[C@@H]3O)[C@@H](O)[C@H]2O)C=CC1>>CC(C=O)[C@@H]1C(=O)OC(=Cc2c[nH]c(Cl)c2Cl)C1=O.NC(=O)c1ccc[n+]([C@@H]2O[C@H](COP(=O)(O)OP(=O)(O)OC[C@H]3O[C@@H](n4cnc5c(N)ncnc54)[C@H](OP(=O)(O)O)[C@@H]3O)[C@@H](O)[C@H]2O)c1.O,6.789477e-05,0,3.5793753e-05,0,0.0074128667,0,0.22488236,0
NC(=O)c1ccc[n+]([C@@H]2O[C@H](COP(=O)(O)OP(=O)(O)OC[C@H]3O[C@@H](n4cnc5c(N)ncnc54)[C@H](OP(=O)(O)O)[C@@H]3O)[C@@H](O)[C@H]2O)c1.O=C(O)CC[C@@H]1C(=O)OC(=Cc2c[nH]c(Cl)c2Cl)C1=O,NC(=O)C1=CN([C@@H]2O[C@H](COP(=O)(O)OP(=O)(O)OC[C@H]3O[C@@H](n4cnc5c(N)ncnc54)[C@H](OP(=O)(O)O)[C@@H]3O)[C@@H](O)[C@H]2O)C=CC1.O=C(O)C=C[C@@H]1C(=O)OC(=Cc2c[nH]c(Cl)c2Cl)C1=O,NC(=O)c1ccc[n+]([C@@H]2O[C@H](COP(=O)(O)OP(=O)(O)OC[C@H]3O[C@@H](n4cnc5c(N)ncnc54)[C@H](OP(=O)(O)O)[C@@H]3O)[C@@H](O)[C@H]2O)c1.O=C(O)CC[C@@H]1C(=O)OC(=Cc2c[nH]c(Cl)c2Cl)C1=O >> NC(=O)C1=CN([C@@H]2O[C@H](COP(=O)(O)OP(=O)(O)OC[C@H]3O[C@@H](n4cnc5c(N)ncnc54)[C@H](OP(=O)(O)O)[C@@H]3O)[C@@H](O)[C@H]2O)C=CC1.O=C(O)C=C[C@@H]1C(=O)OC(=Cc2c[nH]c(Cl)c2Cl)C1=O,rule0018_72,NC(=O)c1ccc[n+]([C@@H]2O[C@H](COP(=O)(O)OP(=O)(O)OC[C@H]3O[C@@H](n4cnc5c(N)ncnc54)[C@H](OP(=O)(O)O)[C@@H]3O)[C@@H](O)[C@H]2O)c1.O=C(O)CC[C@@H]1C(=O)OC(=Cc2c[nH]c(Cl)c2Cl)C1=O>>NC(=O)C1=CN([C@@H]2O[C@H](COP(=O)(O)OP(=O)(O)OC[C@H]3O[C@@H](n4cnc5c(N)ncnc54)[C@H](OP(=O)(O)O)[C@@H]3O)[C@@H](O)[C@H]2O)C=CC1.O=C(O)C=C[C@@H]1C(=O)OC(=Cc2c[nH]c(Cl)c2Cl)C1=O,0.0021023403,0,6.8000714e-05,0,0.0023653847,0,0.008085565,0
CC[C@H](C(=O)O)C(=O)C(O)=Cc1c[nH]c(Cl)c1Cl.OO,CC[C@H](C=O)C(=O)C(O)=Cc1c[nH]c(Cl)c1Cl.O.O=O,CC[C@H](C(=O)O)C(=O)C(O)=Cc1c[nH]c(Cl)c1Cl.OO >> CC[C@H](C=O)C(=O)C(O)=Cc1c[nH]c(Cl)c1Cl.O.O=O,rule0147_2,CC[C@H](C(=O)O)C(=O)C(O)=Cc1c[nH]c(Cl)c1Cl.OO>>CC[C@H](C=O)C(=O)C(O)=Cc1c[nH]c(Cl)c1Cl.O.O=O,4.3698715e-06,0,0.00011026428,0,0.00045267193,0,0.0016836157,0
CC(O)[C@@H]1C(=O)OC(=Cc2c[nH]c(Cl)c2Cl)C1=O,C.O=C[C@@H]1C(=O)OC(=Cc2c[nH]c(Cl)c2Cl)C1=O,CC(O)[C@@H]1C(=O)OC(=Cc2c[nH]c(Cl)c2Cl)C1=O >> C.O=C[C@@H]1C(=O)OC(=Cc2c[nH]c(Cl)c2Cl)C1=O,rule0053_20,CC(O)[C@@H]1C(=O)OC(=Cc2c[nH]c(Cl)c2Cl)C1=O>>C.O=C[C@@H]1C(=O)OC(=Cc2c[nH]c(Cl)c2Cl)C1=O,0.00089729705,0,0.76702857,1,0.04751827,0,0.4835978,0
CC(C)[C@@H]1C(=O)OC(=Cc2c[nH]c(Cl)c2Cl)C1=O.O,CC(CO)[C@@H]1C(=O)OC(=Cc2c[nH]c(Cl)c2Cl)C1O,CC(C)[C@@H]1C(=O)OC(=Cc2c[nH]c(Cl)c2Cl)C1=O.O >> CC(CO)[C@@H]1C(=O)OC(=Cc2c[nH]c(Cl)c2Cl)C1O,rule0070_6,CC(C)[C@@H]1C(=O)OC(=Cc2c[nH]c(Cl)c2Cl)C1=O.O>>CC(CO)[C@@H]1C(=O)OC(=Cc2c[nH]c(Cl)c2Cl)C1O,0.007880472,0,0.4159653,0,0.41083625,0,0.4783441,0
CCC(=C1OC(=O)CC1=O)c1c[nH]c(Cl)c1Cl,CCC(=C1OC(=O)CC1=O)c1cc(Cl)c(Cl)[nH]1,CCC(=C1OC(=O)CC1=O)c1c[nH]c(Cl)c1Cl >> CCC(=C1OC(=O)CC1=O)c1cc(Cl)c(Cl)[nH]1,rule0028_51,CCC(=C1OC(=O)CC1=O)c1c[nH]c(Cl)c1Cl>>CCC(=C1OC(=O)CC1=O)c1cc(Cl)c(Cl)[nH]1,0.3660708,0,0.36801317,0,0.954213,1,0.481138,0
CCC(=C1OC(=O)CC1=O)c1c[nH]c(Cl)c1Cl.O,CCC(=C(O)C(=O)CC(=O)O)c1c[nH]c(Cl)c1Cl,CCC(=C1OC(=O)CC1=O)c1c[nH]c(Cl)c1Cl.O >> CCC(=C(O)C(=O)CC(=O)O)c1c[nH]c(Cl)c1Cl,rule0035_7,CCC(=C1OC(=O)CC1=O)c1c[nH]c(Cl)c1Cl.O>>CCC(=C(O)C(=O)CC(=O)O)c1c[nH]c(Cl)c1Cl,0.4342309,0,0.983914,1,0.9704775,1,0.09370979,0
O=C1C(=Cc2c[nH]c(Cl)c2Cl)OC(O)[C@H]1CCO.O=C1C(=Cc2c[nH]c(Cl)c2Cl)OC(O)[C@H]1CCO,C[C@H]1C(=O)C(=Cc2c[nH]c(Cl)c2Cl)OC1O.O=C1C(=Cc2c(CO)[nH]c(Cl)c2Cl)OC(O)[C@H]1CCO,O=C1C(=Cc2c[nH]c(Cl)c2Cl)OC(O)[C@H]1CCO.O=C1C(=Cc2c[nH]c(Cl)c2Cl)OC(O)[C@H]1CCO >> C[C@H]1C(=O)C(=Cc2c[nH]c(Cl)c2Cl)OC1O.O=C1C(=Cc2c(CO)[nH]c(Cl)c2Cl)OC(O)[C@H]1CCO,rule0126_2,O=C1C(=Cc2c[nH]c(Cl)c2Cl)OC(O)[C@H]1CCO.O=C1C(=Cc2c[nH]c(Cl)c2Cl)OC(O)[C@H]1CCO>>C[C@H]1C(=O)C(=Cc2c[nH]c(Cl)c2Cl)OC1O.O=C1C(=Cc2c(CO)[nH]c(Cl)c2Cl)OC(O)[C@H]1CCO,0.0026066802,0,0.10785845,0,0.0025515931,0,0.54212296,0
O=C1OC(=Cc2c[nH]c(Cl)c2Cl)C(O)[C@@H]1CCO.O=C1OC(=Cc2c[nH]c(Cl)c2Cl)C(O)[C@@H]1CCO,C[C@@H]1C(=O)OC(=Cc2c[nH]c(Cl)c2Cl)C1O.O=C1OC(=Cc2c[nH]c(Cl)c2Cl)C(O)[C@@]1(CO)CCO,O=C1OC(=Cc2c[nH]c(Cl)c2Cl)C(O)[C@@H]1CCO.O=C1OC(=Cc2c[nH]c(Cl)c2Cl)C(O)[C@@H]1CCO >> C[C@@H]1C(=O)OC(=Cc2c[nH]c(Cl)c2Cl)C1O.O=C1OC(=Cc2c[nH]c(Cl)c2Cl)C(O)[C@@]1(CO)CCO,rule0126_2,O=C1OC(=Cc2c[nH]c(Cl)c2Cl)C(O)[C@@H]1CCO.O=C1OC(=Cc2c[nH]c(Cl)c2Cl)C(O)[C@@H]1CCO>>C[C@@H]1C(=O)OC(=Cc2c[nH]c(Cl)c2Cl)C1O.O=C1OC(=Cc2c[nH]c(Cl)c2Cl)C(O)[C@@]1(CO)CCO,0.025130147,0,0.015296462,0,0.0056609735,0,0.14555158,0
CCC[C@@H]1C(=O)OC(=Cc2c[nH]c(Cl)c2Cl)C1=O,CC[C@@H]1C(=O)OC(=C(C)c2c[nH]c(Cl)c2Cl)C1=O,CCC[C@@H]1C(=O)OC(=Cc2c[nH]c(Cl)c2Cl)C1=O >> CC[C@@H]1C(=O)OC(=C(C)c2c[nH]c(Cl)c2Cl)C1=O,rule0028_51,CCC[C@@H]1C(=O)OC(=Cc2c[nH]c(Cl)c2Cl)C1=O>>CC[C@@H]1C(=O)OC(=C(C)c2c[nH]c(Cl)c2Cl)C1=O,0.3592007,0,0.20470037,0,0.61949944,1,0.9385544,1
NC(=O)c1ccc[n+]([C@@H]2O[C@H](COP(=O)(O)OP(=O)(O)OC[C@H]3O[C@@H](n4cnc5c(N)ncnc54)[C@H](OP(=O)(O)O)[C@@H]3O)[C@@H](O)[C@H]2O)c1.O=C1OC(=Cc2c[nH]c(Cl)c2Cl)C(=O)[C@@H]1CCO,NC(=O)C1=CN([C@@H]2O[C@H](COP(=O)(O)OP(=O)(O)OC[C@H]3O[C@@H](n4cnc5c(N)ncnc54)[C@H](OP(=O)(O)O)[C@@H]3O)[C@@H](O)[C@H]2O)C=CC1.O=CC[C@@H]1C(=O)OC(=Cc2c[nH]c(Cl)c2Cl)C1=O,NC(=O)c1ccc[n+]([C@@H]2O[C@H](COP(=O)(O)OP(=O)(O)OC[C@H]3O[C@@H](n4cnc5c(N)ncnc54)[C@H](OP(=O)(O)O)[C@@H]3O)[C@@H](O)[C@H]2O)c1.O=C1OC(=Cc2c[nH]c(Cl)c2Cl)C(=O)[C@@H]1CCO >> NC(=O)C1=CN([C@@H]2O[C@H](COP(=O)(O)OP(=O)(O)OC[C@H]3O[C@@H](n4cnc5c(N)ncnc54)[C@H](OP(=O)(O)O)[C@@H]3O)[C@@H](O)[C@H]2O)C=CC1.O=CC[C@@H]1C(=O)OC(=Cc2c[nH]c(Cl)c2Cl)C1=O,rule0002_147,NC(=O)c1ccc[n+]([C@@H]2O[C@H](COP(=O)(O)OP(=O)(O)OC[C@H]3O[C@@H](n4cnc5c(N)ncnc54)[C@H](OP(=O)(O)O)[C@@H]3O)[C@@H](O)[C@H]2O)c1.O=C1OC(=Cc2c[nH]c(Cl)c2Cl)C(=O)[C@@H]1CCO>>NC(=O)C1=CN([C@@H]2O[C@H](COP(=O)(O)OP(=O)(O)OC[C@H]3O[C@@H](n4cnc5c(N)ncnc54)[C@H](OP(=O)(O)O)[C@@H]3O)[C@@H](O)[C@H]2O)C=CC1.O=CC[C@@H]1C(=O)OC(=Cc2c[nH]c(Cl)c2Cl)C1=O,0.0009312725,0,0.0022093104,0,0.007804822,0,0.5364182,0
CC(O)[C@@H]1C(=O)OC(=Cc2c[nH]c(Cl)c2Cl)C1=O.CC(O)[C@@H]1C(=O)OC(=Cc2c[nH]c(Cl)c2Cl)C1=O,CCC(O)[C@@H]1C(=O)OC(=Cc2c[nH]c(Cl)c2Cl)C1=O.O=C1OC(=Cc2c[nH]c(Cl)c2Cl)C(=O)[C@@H]1CO,CC(O)[C@@H]1C(=O)OC(=Cc2c[nH]c(Cl)c2Cl)C1=O.CC(O)[C@@H]1C(=O)OC(=Cc2c[nH]c(Cl)c2Cl)C1=O >> CCC(O)[C@@H]1C(=O)OC(=Cc2c[nH]c(Cl)c2Cl)C1=O.O=C1OC(=Cc2c[nH]c(Cl)c2Cl)C(=O)[C@@H]1CO,rule0126_2,CC(O)[C@@H]1C(=O)OC(=Cc2c[nH]c(Cl)c2Cl)C1=O.CC(O)[C@@H]1C(=O)OC(=Cc2c[nH]c(Cl)c2Cl)C1=O>>CCC(O)[C@@H]1C(=O)OC(=Cc2c[nH]c(Cl)c2Cl)C1=O.O=C1OC(=Cc2c[nH]c(Cl)c2Cl)C(=O)[C@@H]1CO,0.0001735491,0,0.00046769992,0,0.020919908,0,0.88202775,1
CC[C@H](C(=O)O)C(=O)C(O)=Cc1c[nH]c(Cl)c1Cl,CC[C@@H]1C(=O)OC(c2c[nH]c(Cl)c2Cl)=C(O)C1O,CC[C@H](C(=O)O)C(=O)C(O)=Cc1c[nH]c(Cl)c1Cl >> CC[C@@H]1C(=O)OC(c2c[nH]c(Cl)c2Cl)=C(O)C1O,rule0169_1,CC[C@H](C(=O)O)C(=O)C(O)=Cc1c[nH]c(Cl)c1Cl>>CC[C@@H]1C(=O)OC(c2c[nH]c(Cl)c2Cl)=C(O)C1O,0.09834541,0,0.24146733,0,0.16461977,0,0.51945907,0
CC(C(=O)O)[C@@H]1C(=O)OC(=Cc2c[nH]c(Cl)c2Cl)C1=O,CC1C(O)OC(c2c[nH]c(Cl)c2Cl)=C2OC(=O)[C@@H]1C2=O,CC(C(=O)O)[C@@H]1C(=O)OC(=Cc2c[nH]c(Cl)c2Cl)C1=O >> CC1C(O)OC(c2c[nH]c(Cl)c2Cl)=C2OC(=O)[C@@H]1C2=O,rule0169_1,CC(C(=O)O)[C@@H]1C(=O)OC(=Cc2c[nH]c(Cl)c2Cl)C1=O>>CC1C(O)OC(c2c[nH]c(Cl)c2Cl)=C2OC(=O)[C@@H]1C2=O,0.018619502,0,0.22900498,0,0.5230118,0,0.16668801,0
CCc1[nH]c(Cl)c(Cl)c1C=C1OC(=O)CC1=O,CC(=C1OC(=O)CC1=O)c1c(C)[nH]c(Cl)c1Cl,CCc1[nH]c(Cl)c(Cl)c1C=C1OC(=O)CC1=O >> CC(=C1OC(=O)CC1=O)c1c(C)[nH]c(Cl)c1Cl,rule0028_51,CCc1[nH]c(Cl)c(Cl)c1C=C1OC(=O)CC1=O>>CC(=C1OC(=O)CC1=O)c1c(C)[nH]c(Cl)c1Cl,0.7806643,1,0.10080179,0,0.792648,1,0.19426475,0
CCC(=C1OC(=O)CC1=O)c1c[nH]c(Cl)c1Cl.O=C=O,O=C(O)CCC(=C1OC(=O)CC1=O)c1c[nH]c(Cl)c1Cl,CCC(=C1OC(=O)CC1=O)c1c[nH]c(Cl)c1Cl.O=C=O >> O=C(O)CCC(=C1OC(=O)CC1=O)c1c[nH]c(Cl)c1Cl,rule0023_17,CCC(=C1OC(=O)CC1=O)c1c[nH]c(Cl)c1Cl.O=C=O>>O=C(O)CCC(=C1OC(=O)CC1=O)c1c[nH]c(Cl)c1Cl,0.0009338337,0,0.026291026,0,0.17643672,0,0.0024503982,0
CC[C@@H]1C(=O)OC(=C(C)c2c[nH]c(Cl)c2Cl)C1=O.NC(=O)C1=CN([C@@H]2O[C@H](COP(=O)(O)OP(=O)(O)OC[C@H]3O[C@@H](n4cnc5c(N)ncnc54)[C@H](OP(=O)(O)O)[C@@H]3O)[C@@H](O)[C@H]2O)C=CC1.O=O,CC[C@@H]1C(=O)OC2(OC2(C)c2c[nH]c(Cl)c2Cl)C1=O.NC(=O)c1ccc[n+]([C@@H]2O[C@H](COP(=O)(O)OP(=O)(O)OC[C@H]3O[C@@H](n4cnc5c(N)ncnc54)[C@H](OP(=O)(O)O)[C@@H]3O)[C@@H](O)[C@H]2O)c1.O,CC[C@@H]1C(=O)OC(=C(C)c2c[nH]c(Cl)c2Cl)C1=O.NC(=O)C1=CN([C@@H]2O[C@H](COP(=O)(O)OP(=O)(O)OC[C@H]3O[C@@H](n4cnc5c(N)ncnc54)[C@H](OP(=O)(O)O)[C@@H]3O)[C@@H](O)[C@H]2O)C=CC1.O=O >> CC[C@@H]1C(=O)OC2(OC2(C)c2c[nH]c(Cl)c2Cl)C1=O.NC(=O)c1ccc[n+]([C@@H]2O[C@H](COP(=O)(O)OP(=O)(O)OC[C@H]3O[C@@H](n4cnc5c(N)ncnc54)[C@H](OP(=O)(O)O)[C@@H]3O)[C@@H](O)[C@H]2O)c1.O,rule0077_4,CC[C@@H]1C(=O)OC(=C(C)c2c[nH]c(Cl)c2Cl)C1=O.NC(=O)C1=CN([C@@H]2O[C@H](COP(=O)(O)OP(=O)(O)OC[C@H]3O[C@@H](n4cnc5c(N)ncnc54)[C@H](OP(=O)(O)O)[C@@H]3O)[C@@H](O)[C@H]2O)C=CC1.O=O>>CC[C@@H]1C(=O)OC2(OC2(C)c2c[nH]c(Cl)c2Cl)C1=O.NC(=O)c1ccc[n+]([C@@H]2O[C@H](COP(=O)(O)OP(=O)(O)OC[C@H]3O[C@@H](n4cnc5c(N)ncnc54)[C@H](OP(=O)(O)O)[C@@H]3O)[C@@H](O)[C@H]2O)c1.O,0.046742868,0,0.007048013,0,0.27328494,0,0.0058490844,0
CC(C(=O)O)[C@@H]1C(=O)OC(=Cc2c[nH]c(Cl)c2Cl)C1=O,C[C@]1(CC(=O)O)C(=O)OC(=Cc2c[nH]c(Cl)c2Cl)C1=O,CC(C(=O)O)[C@@H]1C(=O)OC(=Cc2c[nH]c(Cl)c2Cl)C1=O >> C[C@]1(CC(=O)O)C(=O)OC(=Cc2c[nH]c(Cl)c2Cl)C1=O,rule0028_47,CC(C(=O)O)[C@@H]1C(=O)OC(=Cc2c[nH]c(Cl)c2Cl)C1=O>>C[C@]1(CC(=O)O)C(=O)OC(=Cc2c[nH]c(Cl)c2Cl)C1=O,0.0687859,0,0.23029344,0,0.736267,1,0.83073753,1
CC(O)[C@@H]1C(=O)OC(=Cc2c[nH]c(Cl)c2Cl)C1O,CC[C@@H]1C(=O)OC(=Cc2c[nH]c(Cl)c2Cl)C1=O.O,CC(O)[C@@H]1C(=O)OC(=Cc2c[nH]c(Cl)c2Cl)C1O >> CC[C@@H]1C(=O)OC(=Cc2c[nH]c(Cl)c2Cl)C1=O.O,rule0071_5,CC(O)[C@@H]1C(=O)OC(=Cc2c[nH]c(Cl)c2Cl)C1O>>CC[C@@H]1C(=O)OC(=Cc2c[nH]c(Cl)c2Cl)C1=O.O,0.022307709,0,0.903013,1,0.63223094,1,0.7552774,1
CCc1[nH]c(Cl)c(Cl)c1C=C1OC(=O)CC1=O.O,CCc1[nH]c(Cl)c(Cl)c1C=C(O)C(=O)CC(=O)O,CCc1[nH]c(Cl)c(Cl)c1C=C1OC(=O)CC1=O.O >> CCc1[nH]c(Cl)c(Cl)c1C=C(O)C(=O)CC(=O)O,rule0035_7,CCc1[nH]c(Cl)c(Cl)c1C=C1OC(=O)CC1=O.O>>CCc1[nH]c(Cl)c(Cl)c1C=C(O)C(=O)CC(=O)O,0.09032473,0,0.82400244,1,0.62176716,1,0.0523988,0
O=C1OC(=Cc2c[nH]c(Cl)c2Cl)C(O)[C@@H]1CCO.O=C1OC(=Cc2c[nH]c(Cl)c2Cl)C(O)[C@@H]1CCO,C[C@@H]1C(=O)OC(=Cc2c[nH]c(Cl)c2Cl)C1O.O=C1OC(=C(CO)c2c[nH]c(Cl)c2Cl)C(O)[C@@H]1CCO,O=C1OC(=Cc2c[nH]c(Cl)c2Cl)C(O)[C@@H]1CCO.O=C1OC(=Cc2c[nH]c(Cl)c2Cl)C(O)[C@@H]1CCO >> C[C@@H]1C(=O)OC(=Cc2c[nH]c(Cl)c2Cl)C1O.O=C1OC(=C(CO)c2c[nH]c(Cl)c2Cl)C(O)[C@@H]1CCO,rule0126_2,O=C1OC(=Cc2c[nH]c(Cl)c2Cl)C(O)[C@@H]1CCO.O=C1OC(=Cc2c[nH]c(Cl)c2Cl)C(O)[C@@H]1CCO>>C[C@@H]1C(=O)OC(=Cc2c[nH]c(Cl)c2Cl)C1O.O=C1OC(=C(CO)c2c[nH]c(Cl)c2Cl)C(O)[C@@H]1CCO,0.0024578846,0,0.0020338944,0,0.0009748274,0,0.21368034,0
CC(C(=O)O)[C@@H]1C(=O)OC(=Cc2c[nH]c(Cl)c2Cl)C1=O,CC(C(=O)O)c1[nH]c(Cl)c(Cl)c1C=C1OC(=O)CC1=O,CC(C(=O)O)[C@@H]1C(=O)OC(=Cc2c[nH]c(Cl)c2Cl)C1=O >> CC(C(=O)O)c1[nH]c(Cl)c(Cl)c1C=C1OC(=O)CC1=O,rule0028_51,CC(C(=O)O)[C@@H]1C(=O)OC(=Cc2c[nH]c(Cl)c2Cl)C1=O>>CC(C(=O)O)c1[nH]c(Cl)c(Cl)c1C=C1OC(=O)CC1=O,0.049533308,0,0.007353376,0,0.41512218,0,0.045526583,0
CC[C@H](C(=O)O)C(=O)C(O)=Cc1c[nH]c(Cl)c1Cl,CC[C@](C=O)(C(=O)O)C(O)=Cc1c[nH]c(Cl)c1Cl,CC[C@H](C(=O)O)C(=O)C(O)=Cc1c[nH]c(Cl)c1Cl >> CC[C@](C=O)(C(=O)O)C(O)=Cc1c[nH]c(Cl)c1Cl,rule0028_46,CC[C@H](C(=O)O)C(=O)C(O)=Cc1c[nH]c(Cl)c1Cl>>CC[C@](C=O)(C(=O)O)C(O)=Cc1c[nH]c(Cl)c1Cl,0.012817744,0,0.010160595,0,0.0718299,0,0.020272246,0
CC(O)[C@@H]1C(=O)OC(=Cc2c[nH]c(Cl)c2Cl)C1O,CC1(O)C(=Cc2c[nH]c(Cl)c2Cl)OC(=O)[C@H]1CO,CC(O)[C@@H]1C(=O)OC(=Cc2c[nH]c(Cl)c2Cl)C1O >> CC1(O)C(=Cc2c[nH]c(Cl)c2Cl)OC(=O)[C@H]1CO,rule0028_51,CC(O)[C@@H]1C(=O)OC(=Cc2c[nH]c(Cl)c2Cl)C1O>>CC1(O)C(=Cc2c[nH]c(Cl)c2Cl)OC(=O)[C@H]1CO,0.024383606,0,0.07108332,0,0.6035125,1,0.18562493,0
CC(C(=O)O)[C@@H]1C(=O)OC(=Cc2c[nH]c(Cl)c2Cl)C1=O.N,CC(C#N)[C@@H]1C(=O)OC(=Cc2c[nH]c(Cl)c2Cl)C1=O.O.O,CC(C(=O)O)[C@@H]1C(=O)OC(=Cc2c[nH]c(Cl)c2Cl)C1=O.N >> CC(C#N)[C@@H]1C(=O)OC(=Cc2c[nH]c(Cl)c2Cl)C1=O.O.O,rule0242_3,CC(C(=O)O)[C@@H]1C(=O)OC(=Cc2c[nH]c(Cl)c2Cl)C1=O.N>>CC(C#N)[C@@H]1C(=O)OC(=Cc2c[nH]c(Cl)c2Cl)C1=O.O.O,0.02593875,0,0.08752576,0,0.6170473,1,0.13328749,0
CC[C@H](C(=O)O)C(=O)C(O)=Cc1c[nH]c(Cl)c1Cl,CCC(=C(O)C(=O)CC(=O)O)c1c[nH]c(Cl)c1Cl,CC[C@H](C(=O)O)C(=O)C(O)=Cc1c[nH]c(Cl)c1Cl >> CCC(=C(O)C(=O)CC(=O)O)c1c[nH]c(Cl)c1Cl,rule0028_47,CC[C@H](C(=O)O)C(=O)C(O)=Cc1c[nH]c(Cl)c1Cl>>CCC(=C(O)C(=O)CC(=O)O)c1c[nH]c(Cl)c1Cl,0.27306747,0,0.7693621,1,0.45921767,0,0.014688499,0
CC[C@@H]1C(=O)OC(=Cc2c(C)[nH]c(Cl)c2Cl)C1=O,CCCc1[nH]c(Cl)c(Cl)c1C=C1OC(=O)CC1=O,CC[C@@H]1C(=O)OC(=Cc2c(C)[nH]c(Cl)c2Cl)C1=O >> CCCc1[nH]c(Cl)c(Cl)c1C=C1OC(=O)CC1=O,rule0028_51,CC[C@@H]1C(=O)OC(=Cc2c(C)[nH]c(Cl)c2Cl)C1=O>>CCCc1[nH]c(Cl)c(Cl)c1C=C1OC(=O)CC1=O,0.2706865,0,0.63759744,1,0.13502328,0,0.02726167,0
CCC(=C1OC(=O)CC1=O)c1c[nH]c(Cl)c1Cl.CCC(=C1OC(=O)CC1=O)c1c[nH]c(Cl)c1Cl,CC(=C1OC(=O)CC1=O)c1c[nH]c(Cl)c1Cl.CCC(=C1OC(=O)C(C)C1=O)c1c[nH]c(Cl)c1Cl,CCC(=C1OC(=O)CC1=O)c1c[nH]c(Cl)c1Cl.CCC(=C1OC(=O)CC1=O)c1c[nH]c(Cl)c1Cl >> CC(=C1OC(=O)CC1=O)c1c[nH]c(Cl)c1Cl.CCC(=C1OC(=O)C(C)C1=O)c1c[nH]c(Cl)c1Cl,rule0126_2,CCC(=C1OC(=O)CC1=O)c1c[nH]c(Cl)c1Cl.CCC(=C1OC(=O)CC1=O)c1c[nH]c(Cl)c1Cl>>CC(=C1OC(=O)CC1=O)c1c[nH]c(Cl)c1Cl.CCC(=C1OC(=O)C(C)C1=O)c1c[nH]c(Cl)c1Cl,0.8004159,1,0.2700363,0,0.2801449,0,0.2661466,0
CC[C@@]1(C)C(=O)OC(=Cc2c[nH]c(Cl)c2Cl)C1=O,CC(=C1OC(=O)C(C)(C)C1=O)c1c[nH]c(Cl)c1Cl,CC[C@@]1(C)C(=O)OC(=Cc2c[nH]c(Cl)c2Cl)C1=O >> CC(=C1OC(=O)C(C)(C)C1=O)c1c[nH]c(Cl)c1Cl,rule0028_51,CC[C@@]1(C)C(=O)OC(=Cc2c[nH]c(Cl)c2Cl)C1=O>>CC(=C1OC(=O)C(C)(C)C1=O)c1c[nH]c(Cl)c1Cl,0.37350464,0,0.08320308,0,0.45928916,0,0.55874413,0
CC[C@@H]1C(=O)OC(=C(C)c2c[nH]c(Cl)c2Cl)C1=O,CCCC(=C1OC(=O)CC1=O)c1c[nH]c(Cl)c1Cl,CC[C@@H]1C(=O)OC(=C(C)c2c[nH]c(Cl)c2Cl)C1=O >> CCCC(=C1OC(=O)CC1=O)c1c[nH]c(Cl)c1Cl,rule0028_51,CC[C@@H]1C(=O)OC(=C(C)c2c[nH]c(Cl)c2Cl)C1=O>>CCCC(=C1OC(=O)CC1=O)c1c[nH]c(Cl)c1Cl,0.751607,1,0.92261463,1,0.8753304,1,0.5104614,0
CC[C@H](C(=O)O)C(=O)C(O)=Cc1c[nH]c(Cl)c1Cl.NC(=O)C1=CN([C@@H]2O[C@H](COP(=O)(O)OP(=O)(O)OC[C@H]3O[C@@H](n4cnc5c(N)ncnc54)[C@H](OP(=O)(O)O)[C@@H]3O)[C@@H](O)[C@H]2O)C=CC1,CC[C@H](C(=O)O)C(=O)C=Cc1c[nH]c(Cl)c1Cl.NC(=O)c1ccc[n+]([C@@H]2O[C@H](COP(=O)(O)OP(=O)(O)OC[C@H]3O[C@@H](n4cnc5c(N)ncnc54)[C@H](OP(=O)(O)O)[C@@H]3O)[C@@H](O)[C@H]2O)c1.O,CC[C@H](C(=O)O)C(=O)C(O)=Cc1c[nH]c(Cl)c1Cl.NC(=O)C1=CN([C@@H]2O[C@H](COP(=O)(O)OP(=O)(O)OC[C@H]3O[C@@H](n4cnc5c(N)ncnc54)[C@H](OP(=O)(O)O)[C@@H]3O)[C@@H](O)[C@H]2O)C=CC1 >> CC[C@H](C(=O)O)C(=O)C=Cc1c[nH]c(Cl)c1Cl.NC(=O)c1ccc[n+]([C@@H]2O[C@H](COP(=O)(O)OP(=O)(O)OC[C@H]3O[C@@H](n4cnc5c(N)ncnc54)[C@H](OP(=O)(O)O)[C@@H]3O)[C@@H](O)[C@H]2O)c1.O,rule0025_39,CC[C@H](C(=O)O)C(=O)C(O)=Cc1c[nH]c(Cl)c1Cl.NC(=O)C1=CN([C@@H]2O[C@H](COP(=O)(O)OP(=O)(O)OC[C@H]3O[C@@H](n4cnc5c(N)ncnc54)[C@H](OP(=O)(O)O)[C@@H]3O)[C@@H](O)[C@H]2O)C=CC1>>CC[C@H](C(=O)O)C(=O)C=Cc1c[nH]c(Cl)c1Cl.NC(=O)c1ccc[n+]([C@@H]2O[C@H](COP(=O)(O)OP(=O)(O)OC[C@H]3O[C@@H](n4cnc5c(N)ncnc54)[C@H](OP(=O)(O)O)[C@@H]3O)[C@@H](O)[C@H]2O)c1.O,0.11074946,0,0.7032675,1,0.08208873,0,0.7736861,1
CC(C(=O)O)[C@@H]1C(=O)OC(=Cc2c[nH]c(Cl)c2Cl)C1=O,CC1([C@@H]2C(=O)OC(=Cc3c[nH]c(Cl)c3Cl)C2=O)OC1O,CC(C(=O)O)[C@@H]1C(=O)OC(=Cc2c[nH]c(Cl)c2Cl)C1=O >> CC1([C@@H]2C(=O)OC(=Cc3c[nH]c(Cl)c3Cl)C2=O)OC1O,rule0169_1,CC(C(=O)O)[C@@H]1C(=O)OC(=Cc2c[nH]c(Cl)c2Cl)C1=O>>CC1([C@@H]2C(=O)OC(=Cc3c[nH]c(Cl)c3Cl)C2=O)OC1O,3.7729307e-05,0,0.00071361545,0,0.05128156,0,0.118253924,0
CC(O)[C@@H]1C(=O)OC(=Cc2c[nH]c(Cl)c2Cl)C1=O.O,CC(O)(O)[C@H]1C(=O)C(=Cc2c[nH]c(Cl)c2Cl)OC1O,CC(O)[C@@H]1C(=O)OC(=Cc2c[nH]c(Cl)c2Cl)C1=O.O >> CC(O)(O)[C@H]1C(=O)C(=Cc2c[nH]c(Cl)c2Cl)OC1O,rule0070_6,CC(O)[C@@H]1C(=O)OC(=Cc2c[nH]c(Cl)c2Cl)C1=O.O>>CC(O)(O)[C@H]1C(=O)C(=Cc2c[nH]c(Cl)c2Cl)OC1O,0.0012842421,0,0.8179862,1,0.46089855,0,0.18307883,0
CC(=C1OC(=O)[C@@H](C)C1=O)c1c[nH]c(Cl)c1Cl.CC(=C1OC(=O)[C@@H](C)C1=O)c1c[nH]c(Cl)c1Cl,CC(=C1OC(=O)[C@@H](C)C1=O)c1c(C)[nH]c(Cl)c1Cl.C[C@@H]1C(=O)OC(=Cc2c[nH]c(Cl)c2Cl)C1=O,CC(=C1OC(=O)[C@@H](C)C1=O)c1c[nH]c(Cl)c1Cl.CC(=C1OC(=O)[C@@H](C)C1=O)c1c[nH]c(Cl)c1Cl >> CC(=C1OC(=O)[C@@H](C)C1=O)c1c(C)[nH]c(Cl)c1Cl.C[C@@H]1C(=O)OC(=Cc2c[nH]c(Cl)c2Cl)C1=O,rule0126_2,CC(=C1OC(=O)[C@@H](C)C1=O)c1c[nH]c(Cl)c1Cl.CC(=C1OC(=O)[C@@H](C)C1=O)c1c[nH]c(Cl)c1Cl>>CC(=C1OC(=O)[C@@H](C)C1=O)c1c(C)[nH]c(Cl)c1Cl.C[C@@H]1C(=O)OC(=Cc2c[nH]c(Cl)c2Cl)C1=O,0.005195713,0,0.0044550425,0,0.005205206,0,0.01612424,0
O=C1OC(=Cc2c[nH]c(Cl)c2Cl)C(=O)[C@@H]1CCO.O=O,O=CC[C@@H]1C(=O)OC(=Cc2c[nH]c(Cl)c2Cl)C1=O.OO,O=C1OC(=Cc2c[nH]c(Cl)c2Cl)C(=O)[C@@H]1CCO.O=O >> O=CC[C@@H]1C(=O)OC(=Cc2c[nH]c(Cl)c2Cl)C1=O.OO,rule0074_18,O=C1OC(=Cc2c[nH]c(Cl)c2Cl)C(=O)[C@@H]1CCO.O=O>>O=CC[C@@H]1C(=O)OC(=Cc2c[nH]c(Cl)c2Cl)C1=O.OO,0.14543964,0,0.71211267,1,0.85282576,1,0.9813209,1
C[S+](CC[C@H](N)C(=O)O)C[C@H]1O[C@@H](n2cnc3c(N)ncnc32)[C@H](O)[C@@H]1O.O=C1C(=Cc2c[nH]c(Cl)c2Cl)OC(O)[C@H]1CCO,CC(CO)[C@H]1C(=O)C(=Cc2c[nH]c(Cl)c2Cl)OC1O.Nc1ncnc2c1ncn2[C@@H]1O[C@H](CSCC[C@H](N)C(=O)O)[C@@H](O)[C@H]1O,C[S+](CC[C@H](N)C(=O)O)C[C@H]1O[C@@H](n2cnc3c(N)ncnc32)[C@H](O)[C@@H]1O.O=C1C(=Cc2c[nH]c(Cl)c2Cl)OC(O)[C@H]1CCO >> CC(CO)[C@H]1C(=O)C(=Cc2c[nH]c(Cl)c2Cl)OC1O.Nc1ncnc2c1ncn2[C@@H]1O[C@H](CSCC[C@H](N)C(=O)O)[C@@H](O)[C@H]1O,rule0043_12,C[S+](CC[C@H](N)C(=O)O)C[C@H]1O[C@@H](n2cnc3c(N)ncnc32)[C@H](O)[C@@H]1O.O=C1C(=Cc2c[nH]c(Cl)c2Cl)OC(O)[C@H]1CCO>>CC(CO)[C@H]1C(=O)C(=Cc2c[nH]c(Cl)c2Cl)OC1O.Nc1ncnc2c1ncn2[C@@H]1O[C@H](CSCC[C@H](N)C(=O)O)[C@@H](O)[C@H]1O,0.6605079,1,0.986796,1,0.485231,0,0.36567298,0
CC(C)[C@@H]1C(=O)OC(=Cc2c[nH]c(Cl)c2Cl)C1=O,CC[C@@H]1C(=O)OC(=C(C)c2c[nH]c(Cl)c2Cl)C1=O,CC(C)[C@@H]1C(=O)OC(=Cc2c[nH]c(Cl)c2Cl)C1=O >> CC[C@@H]1C(=O)OC(=C(C)c2c[nH]c(Cl)c2Cl)C1=O,rule0028_51,CC(C)[C@@H]1C(=O)OC(=Cc2c[nH]c(Cl)c2Cl)C1=O>>CC[C@@H]1C(=O)OC(=C(C)c2c[nH]c(Cl)c2Cl)C1=O,0.07326207,0,0.45450428,0,0.5521606,0,0.96927005,1
O=C1OC(=Cc2c[nH]c(Cl)c2Cl)C(=O)[C@@H]1CCO,O=C1CC(=O)C(=Cc2c(CCO)[nH]c(Cl)c2Cl)O1,O=C1OC(=Cc2c[nH]c(Cl)c2Cl)C(=O)[C@@H]1CCO >> O=C1CC(=O)C(=Cc2c(CCO)[nH]c(Cl)c2Cl)O1,rule0028_51,O=C1OC(=Cc2c[nH]c(Cl)c2Cl)C(=O)[C@@H]1CCO>>O=C1CC(=O)C(=Cc2c(CCO)[nH]c(Cl)c2Cl)O1,0.070792615,0,0.039576806,0,0.53360724,0,0.06520233,0
CC[C@@H]1C(=O)OC(=C(C)c2c[nH]c(Cl)c2Cl)C1=O.NC(=O)C1=CN([C@@H]2O[C@H](COP(=O)(O)OP(=O)(O)OC[C@H]3O[C@@H](n4cnc5c(N)ncnc54)[C@H](OP(=O)(O)O)[C@@H]3O)[C@@H](O)[C@H]2O)C=CC1.O=O,CC[C@@H]1C(=O)OC(=C(CO)c2c[nH]c(Cl)c2Cl)C1=O.NC(=O)c1ccc[n+]([C@@H]2O[C@H](COP(=O)(O)OP(=O)(O)OC[C@H]3O[C@@H](n4cnc5c(N)ncnc54)[C@H](OP(=O)(O)O)[C@@H]3O)[C@@H](O)[C@H]2O)c1.O,CC[C@@H]1C(=O)OC(=C(C)c2c[nH]c(Cl)c2Cl)C1=O.NC(=O)C1=CN([C@@H]2O[C@H](COP(=O)(O)OP(=O)(O)OC[C@H]3O[C@@H](n4cnc5c(N)ncnc54)[C@H](OP(=O)(O)O)[C@@H]3O)[C@@H](O)[C@H]2O)C=CC1.O=O >> CC[C@@H]1C(=O)OC(=C(CO)c2c[nH]c(Cl)c2Cl)C1=O.NC(=O)c1ccc[n+]([C@@H]2O[C@H](COP(=O)(O)OP(=O)(O)OC[C@H]3O[C@@H](n4cnc5c(N)ncnc54)[C@H](OP(=O)(O)O)[C@@H]3O)[C@@H](O)[C@H]2O)c1.O,rule0004_13,CC[C@@H]1C(=O)OC(=C(C)c2c[nH]c(Cl)c2Cl)C1=O.NC(=O)C1=CN([C@@H]2O[C@H](COP(=O)(O)OP(=O)(O)OC[C@H]3O[C@@H](n4cnc5c(N)ncnc54)[C@H](OP(=O)(O)O)[C@@H]3O)[C@@H](O)[C@H]2O)C=CC1.O=O>>CC[C@@H]1C(=O)OC(=C(CO)c2c[nH]c(Cl)c2Cl)C1=O.NC(=O)c1ccc[n+]([C@@H]2O[C@H](COP(=O)(O)OP(=O)(O)OC[C@H]3O[C@@H](n4cnc5c(N)ncnc54)[C@H](OP(=O)(O)O)[C@@H]3O)[C@@H](O)[C@H]2O)c1.O,0.10610573,0,0.29184636,0,0.08320298,0,0.7535287,1
CC[C@H](C(=O)O)C(=O)C(O)=Cc1c[nH]c(Cl)c1Cl,CC[C@@H]1C(=O)Oc2[nH]c(Cl)c(Cl)c2C=C(O)C1O,CC[C@H](C(=O)O)C(=O)C(O)=Cc1c[nH]c(Cl)c1Cl >> CC[C@@H]1C(=O)Oc2[nH]c(Cl)c(Cl)c2C=C(O)C1O,rule0169_1,CC[C@H](C(=O)O)C(=O)C(O)=Cc1c[nH]c(Cl)c1Cl>>CC[C@@H]1C(=O)Oc2[nH]c(Cl)c(Cl)c2C=C(O)C1O,0.012518504,0,0.13791978,0,0.45007014,0,0.60728663,0
CCc1[nH]c(Cl)c(Cl)c1C=C1OC(=O)CC1=O.NC(=O)C1=CN([C@@H]2O[C@H](COP(=O)(O)OP(=O)(O)OC[C@H]3O[C@@H](n4cnc5c(N)ncnc54)[C@H](OP(=O)(O)O)[C@@H]3O)[C@@H](O)[C@H]2O)C=CC1.O=O,NC(=O)c1ccc[n+]([C@@H]2O[C@H](COP(=O)(O)OP(=O)(O)OC[C@H]3O[C@@H](n4cnc5c(N)ncnc54)[C@H](OP(=O)(O)O)[C@@H]3O)[C@@H](O)[C@H]2O)c1.O.O=C1CC(=O)C(=Cc2c(CCO)[nH]c(Cl)c2Cl)O1,CCc1[nH]c(Cl)c(Cl)c1C=C1OC(=O)CC1=O.NC(=O)C1=CN([C@@H]2O[C@H](COP(=O)(O)OP(=O)(O)OC[C@H]3O[C@@H](n4cnc5c(N)ncnc54)[C@H](OP(=O)(O)O)[C@@H]3O)[C@@H](O)[C@H]2O)C=CC1.O=O >> NC(=O)c1ccc[n+]([C@@H]2O[C@H](COP(=O)(O)OP(=O)(O)OC[C@H]3O[C@@H](n4cnc5c(N)ncnc54)[C@H](OP(=O)(O)O)[C@@H]3O)[C@@H](O)[C@H]2O)c1.O.O=C1CC(=O)C(=Cc2c(CCO)[nH]c(Cl)c2Cl)O1,rule0004_13,CCc1[nH]c(Cl)c(Cl)c1C=C1OC(=O)CC1=O.NC(=O)C1=CN([C@@H]2O[C@H](COP(=O)(O)OP(=O)(O)OC[C@H]3O[C@@H](n4cnc5c(N)ncnc54)[C@H](OP(=O)(O)O)[C@@H]3O)[C@@H](O)[C@H]2O)C=CC1.O=O>>NC(=O)c1ccc[n+]([C@@H]2O[C@H](COP(=O)(O)OP(=O)(O)OC[C@H]3O[C@@H](n4cnc5c(N)ncnc54)[C@H](OP(=O)(O)O)[C@@H]3O)[C@@H](O)[C@H]2O)c1.O.O=C1CC(=O)C(=Cc2c(CCO)[nH]c(Cl)c2Cl)O1,0.081885435,0,0.1136475,0,0.23694167,0,0.5374514,0
CC[C@@H]1C(=O)OC(=C(C)c2c[nH]c(Cl)c2Cl)C1=O,CC(=C1OC(=O)[C@@H](C)C1=O)c1c(C)[nH]c(Cl)c1Cl,CC[C@@H]1C(=O)OC(=C(C)c2c[nH]c(Cl)c2Cl)C1=O >> CC(=C1OC(=O)[C@@H](C)C1=O)c1c(C)[nH]c(Cl)c1Cl,rule0028_51,CC[C@@H]1C(=O)OC(=C(C)c2c[nH]c(Cl)c2Cl)C1=O>>CC(=C1OC(=O)[C@@H](C)C1=O)c1c(C)[nH]c(Cl)c1Cl,0.101213224,0,0.018723737,0,0.7473482,1,0.0008107654,0
CC(C)[C@@H]1C(=O)OC(=Cc2c[nH]c(Cl)c2Cl)C1=O,CC[C@@]1(C)C(=O)OC(=Cc2c[nH]c(Cl)c2Cl)C1=O,CC(C)[C@@H]1C(=O)OC(=Cc2c[nH]c(Cl)c2Cl)C1=O >> CC[C@@]1(C)C(=O)OC(=Cc2c[nH]c(Cl)c2Cl)C1=O,rule0028_51,CC(C)[C@@H]1C(=O)OC(=Cc2c[nH]c(Cl)c2Cl)C1=O>>CC[C@@]1(C)C(=O)OC(=Cc2c[nH]c(Cl)c2Cl)C1=O,0.05181992,0,0.55100405,0,0.047489874,0,0.1308306,0
O=C1C(=Cc2c[nH]c(Cl)c2Cl)OC(O)[C@H]1CCO,O=C1CC(O)OC1=C(CCO)c1c[nH]c(Cl)c1Cl,O=C1C(=Cc2c[nH]c(Cl)c2Cl)OC(O)[C@H]1CCO >> O=C1CC(O)OC1=C(CCO)c1c[nH]c(Cl)c1Cl,rule0028_51,O=C1C(=Cc2c[nH]c(Cl)c2Cl)OC(O)[C@H]1CCO>>O=C1CC(O)OC1=C(CCO)c1c[nH]c(Cl)c1Cl,0.078712754,0,0.063261226,0,0.360924,0,0.571012,0
CC[C@@]1(C)C(=O)OC(=Cc2c[nH]c(Cl)c2Cl)C1=O.O,C[C@@]1(CCO)C(=O)C(=Cc2c[nH]c(Cl)c2Cl)OC1O,CC[C@@]1(C)C(=O)OC(=Cc2c[nH]c(Cl)c2Cl)C1=O.O >> C[C@@]1(CCO)C(=O)C(=Cc2c[nH]c(Cl)c2Cl)OC1O,rule0070_6,CC[C@@]1(C)C(=O)OC(=Cc2c[nH]c(Cl)c2Cl)C1=O.O>>C[C@@]1(CCO)C(=O)C(=Cc2c[nH]c(Cl)c2Cl)OC1O,6.194697e-05,0,0.010340481,0,0.35224247,0,0.017670328,0
CC[C@H](C(=O)O)C(=O)C(O)=Cc1c[nH]c(Cl)c1Cl.N.OO,CC[C@@H](C(=O)C(O)=Cc1c[nH]c(Cl)c1Cl)C(N)O.O.O=O,CC[C@H](C(=O)O)C(=O)C(O)=Cc1c[nH]c(Cl)c1Cl.N.OO >> CC[C@@H](C(=O)C(O)=Cc1c[nH]c(Cl)c1Cl)C(N)O.O.O=O,rule0091_12,CC[C@H](C(=O)O)C(=O)C(O)=Cc1c[nH]c(Cl)c1Cl.N.OO>>CC[C@@H](C(=O)C(O)=Cc1c[nH]c(Cl)c1Cl)C(N)O.O.O=O,3.8160488e-05,0,0.0007550494,0,0.0011398249,0,0.004824314,0
CC[C@@]1(C)C(=O)OC(=Cc2c[nH]c(Cl)c2Cl)C1=O.O,CC[C@@](C)(C(=O)O)C(=O)C(O)=Cc1c[nH]c(Cl)c1Cl,CC[C@@]1(C)C(=O)OC(=Cc2c[nH]c(Cl)c2Cl)C1=O.O >> CC[C@@](C)(C(=O)O)C(=O)C(O)=Cc1c[nH]c(Cl)c1Cl,rule0035_7,CC[C@@]1(C)C(=O)OC(=Cc2c[nH]c(Cl)c2Cl)C1=O.O>>CC[C@@](C)(C(=O)O)C(=O)C(O)=Cc1c[nH]c(Cl)c1Cl,0.027423976,0,0.8356012,1,0.06953996,0,0.0033931856,0
CC[C@@H]1C(=O)OC(=Cc2c[nH]c(Cl)c2Cl)C1=O.CC[C@@H]1C(=O)OC(=Cc2c[nH]c(Cl)c2Cl)C1=O,CC[C@@]1(C)C(=O)OC(=Cc2c[nH]c(Cl)c2Cl)C1=O.C[C@@H]1C(=O)OC(=Cc2c[nH]c(Cl)c2Cl)C1=O,CC[C@@H]1C(=O)OC(=Cc2c[nH]c(Cl)c2Cl)C1=O.CC[C@@H]1C(=O)OC(=Cc2c[nH]c(Cl)c2Cl)C1=O >> CC[C@@]1(C)C(=O)OC(=Cc2c[nH]c(Cl)c2Cl)C1=O.C[C@@H]1C(=O)OC(=Cc2c[nH]c(Cl)c2Cl)C1=O,rule0126_2,CC[C@@H]1C(=O)OC(=Cc2c[nH]c(Cl)c2Cl)C1=O.CC[C@@H]1C(=O)OC(=Cc2c[nH]c(Cl)c2Cl)C1=O>>CC[C@@]1(C)C(=O)OC(=Cc2c[nH]c(Cl)c2Cl)C1=O.C[C@@H]1C(=O)OC(=Cc2c[nH]c(Cl)c2Cl)C1=O,0.033590503,0,0.0015856964,0,0.00057101954,0,0.004075836,0
O.O=C1OC(=Cc2c[nH]c(Cl)c2Cl)C(=O)[C@@H]1CCO,O=C1OC(=Cc2c[nH]c(Cl)c2Cl)C(O)[C@@H]1C(O)CO,O.O=C1OC(=Cc2c[nH]c(Cl)c2Cl)C(=O)[C@@H]1CCO >> O=C1OC(=Cc2c[nH]c(Cl)c2Cl)C(O)[C@@H]1C(O)CO,rule0070_6,O.O=C1OC(=Cc2c[nH]c(Cl)c2Cl)C(=O)[C@@H]1CCO>>O=C1OC(=Cc2c[nH]c(Cl)c2Cl)C(O)[C@@H]1C(O)CO,0.048023317,0,0.33596736,0,0.49870124,0,0.075294316,0
C#N.CC[C@H](C(=O)O)C(=O)C(O)=Cc1c[nH]c(Cl)c1Cl,CC[C@@H](C(=O)C(O)=Cc1c[nH]c(Cl)c1Cl)C(O)(O)C#N,C#N.CC[C@H](C(=O)O)C(=O)C(O)=Cc1c[nH]c(Cl)c1Cl >> CC[C@@H](C(=O)C(O)=Cc1c[nH]c(Cl)c1Cl)C(O)(O)C#N,rule0393_6,C#N.CC[C@H](C(=O)O)C(=O)C(O)=Cc1c[nH]c(Cl)c1Cl>>CC[C@@H](C(=O)C(O)=Cc1c[nH]c(Cl)c1Cl)C(O)(O)C#N,0.018692095,0,0.072225265,0,0.009266464,0,0.00870015,0
CCc1[nH]c(Cl)c(Cl)c1C=C1OC(=O)CC1=O.O,CC(O)c1[nH]c(Cl)c(Cl)c1C=C1OC(O)CC1=O,CCc1[nH]c(Cl)c(Cl)c1C=C1OC(=O)CC1=O.O >> CC(O)c1[nH]c(Cl)c(Cl)c1C=C1OC(O)CC1=O,rule0070_6,CCc1[nH]c(Cl)c(Cl)c1C=C1OC(=O)CC1=O.O>>CC(O)c1[nH]c(Cl)c(Cl)c1C=C1OC(O)CC1=O,0.001831186,0,0.0005246114,0,0.07969296,0,0.0048578093,0
O=C(O)CC[C@@H]1C(=O)OC(=Cc2c[nH]c(Cl)c2Cl)C1=O,CC(C(=O)O)[C@@H]1C(=O)OC(=Cc2c[nH]c(Cl)c2Cl)C1=O,O=C(O)CC[C@@H]1C(=O)OC(=Cc2c[nH]c(Cl)c2Cl)C1=O >> CC(C(=O)O)[C@@H]1C(=O)OC(=Cc2c[nH]c(Cl)c2Cl)C1=O,rule0028_50,O=C(O)CC[C@@H]1C(=O)OC(=Cc2c[nH]c(Cl)c2Cl)C1=O>>CC(C(=O)O)[C@@H]1C(=O)OC(=Cc2c[nH]c(Cl)c2Cl)C1=O,0.0010195349,0,0.004534618,0,0.24745375,0,0.05115423,0
NC(=O)c1ccc[n+]([C@@H]2O[C@H](COP(=O)(O)OP(=O)(O)OC[C@H]3O[C@@H](n4cnc5c(N)ncnc54)[C@H](OP(=O)(O)O)[C@@H]3O)[C@@H](O)[C@H]2O)c1.O=C1C(=Cc2c[nH]c(Cl)c2Cl)OC(O)[C@H]1CCO,NC(=O)C1=CN([C@@H]2O[C@H](COP(=O)(O)OP(=O)(O)OC[C@H]3O[C@@H](n4cnc5c(N)ncnc54)[C@H](OP(=O)(O)O)[C@@H]3O)[C@@H](O)[C@H]2O)C=CC1.O=CC[C@H]1C(=O)C(=Cc2c[nH]c(Cl)c2Cl)OC1O,NC(=O)c1ccc[n+]([C@@H]2O[C@H](COP(=O)(O)OP(=O)(O)OC[C@H]3O[C@@H](n4cnc5c(N)ncnc54)[C@H](OP(=O)(O)O)[C@@H]3O)[C@@H](O)[C@H]2O)c1.O=C1C(=Cc2c[nH]c(Cl)c2Cl)OC(O)[C@H]1CCO >> NC(=O)C1=CN([C@@H]2O[C@H](COP(=O)(O)OP(=O)(O)OC[C@H]3O[C@@H](n4cnc5c(N)ncnc54)[C@H](OP(=O)(O)O)[C@@H]3O)[C@@H](O)[C@H]2O)C=CC1.O=CC[C@H]1C(=O)C(=Cc2c[nH]c(Cl)c2Cl)OC1O,rule0002_147,NC(=O)c1ccc[n+]([C@@H]2O[C@H](COP(=O)(O)OP(=O)(O)OC[C@H]3O[C@@H](n4cnc5c(N)ncnc54)[C@H](OP(=O)(O)O)[C@@H]3O)[C@@H](O)[C@H]2O)c1.O=C1C(=Cc2c[nH]c(Cl)c2Cl)OC(O)[C@H]1CCO>>NC(=O)C1=CN([C@@H]2O[C@H](COP(=O)(O)OP(=O)(O)OC[C@H]3O[C@@H](n4cnc5c(N)ncnc54)[C@H](OP(=O)(O)O)[C@@H]3O)[C@@H](O)[C@H]2O)C=CC1.O=CC[C@H]1C(=O)C(=Cc2c[nH]c(Cl)c2Cl)OC1O,0.00016219808,0,0.0050324784,0,0.0074629746,0,0.4186558,0
CCC[C@@H]1C(=O)OC(=Cc2c[nH]c(Cl)c2Cl)C1=O,CC(C)[C@@H]1C(=O)OC(=Cc2c[nH]c(Cl)c2Cl)C1=O,CCC[C@@H]1C(=O)OC(=Cc2c[nH]c(Cl)c2Cl)C1=O >> CC(C)[C@@H]1C(=O)OC(=Cc2c[nH]c(Cl)c2Cl)C1=O,rule0028_51,CCC[C@@H]1C(=O)OC(=Cc2c[nH]c(Cl)c2Cl)C1=O>>CC(C)[C@@H]1C(=O)OC(=Cc2c[nH]c(Cl)c2Cl)C1=O,0.0026110762,0,0.04501417,0,0.13177113,0,0.04158216,0
CCc1[nH]c(Cl)c(Cl)c1C=C1OC(=O)CC1=O.O,CC(O)c1[nH]c(Cl)c(Cl)c1C=C1OC(=O)CC1O,CCc1[nH]c(Cl)c(Cl)c1C=C1OC(=O)CC1=O.O >> CC(O)c1[nH]c(Cl)c(Cl)c1C=C1OC(=O)CC1O,rule0070_6,CCc1[nH]c(Cl)c(Cl)c1C=C1OC(=O)CC1=O.O>>CC(O)c1[nH]c(Cl)c(Cl)c1C=C1OC(=O)CC1O,0.112924814,0,0.001737155,0,0.16943245,0,0.015297374,0
CC[C@H](C(=O)O)C(=O)C(O)=Cc1c[nH]c(Cl)c1Cl,CC1OC(=O)[C@@H]1C(O)C(O)=Cc1c[nH]c(Cl)c1Cl,CC[C@H](C(=O)O)C(=O)C(O)=Cc1c[nH]c(Cl)c1Cl >> CC1OC(=O)[C@@H]1C(O)C(O)=Cc1c[nH]c(Cl)c1Cl,rule0169_1,CC[C@H](C(=O)O)C(=O)C(O)=Cc1c[nH]c(Cl)c1Cl>>CC1OC(=O)[C@@H]1C(O)C(O)=Cc1c[nH]c(Cl)c1Cl,0.016594267,0,0.10360001,0,0.14723605,0,0.010433598,0
CC[C@H](C(=O)O)C(=O)C(O)=Cc1c[nH]c(Cl)c1Cl,CC[C@@H](C(=O)C1=C(c2c[nH]c(Cl)c2Cl)O1)C(O)O,CC[C@H](C(=O)O)C(=O)C(O)=Cc1c[nH]c(Cl)c1Cl >> CC[C@@H](C(=O)C1=C(c2c[nH]c(Cl)c2Cl)O1)C(O)O,rule0169_1,CC[C@H](C(=O)O)C(=O)C(O)=Cc1c[nH]c(Cl)c1Cl>>CC[C@@H](C(=O)C1=C(c2c[nH]c(Cl)c2Cl)O1)C(O)O,0.026375715,0,0.20313941,0,0.44783974,0,0.06700519,0
CCc1[nH]c(Cl)c(Cl)c1C=C1OC(=O)CC1=O.O=C=O,O=C(O)CCc1[nH]c(Cl)c(Cl)c1C=C1OC(=O)CC1=O,CCc1[nH]c(Cl)c(Cl)c1C=C1OC(=O)CC1=O.O=C=O >> O=C(O)CCc1[nH]c(Cl)c(Cl)c1C=C1OC(=O)CC1=O,rule0023_20,CCc1[nH]c(Cl)c(Cl)c1C=C1OC(=O)CC1=O.O=C=O>>O=C(O)CCc1[nH]c(Cl)c(Cl)c1C=C1OC(=O)CC1=O,3.6767997e-05,0,0.0006963232,0,0.0051847547,0,0.04288307,0
CC(C(=O)O)[C@@H]1C(=O)OC(=Cc2c[nH]c(Cl)c2Cl)C1=O.OO,CC(C(O)O)[C@@H]1C(=O)OC(=Cc2c[nH]c(Cl)c2Cl)C1=O.O=O,CC(C(=O)O)[C@@H]1C(=O)OC(=Cc2c[nH]c(Cl)c2Cl)C1=O.OO >> CC(C(O)O)[C@@H]1C(=O)OC(=Cc2c[nH]c(Cl)c2Cl)C1=O.O=O,rule0078_14,CC(C(=O)O)[C@@H]1C(=O)OC(=Cc2c[nH]c(Cl)c2Cl)C1=O.OO>>CC(C(O)O)[C@@H]1C(=O)OC(=Cc2c[nH]c(Cl)c2Cl)C1=O.O=O,7.0050606e-07,0,6.8977865e-06,0,0.0055887112,0,0.00057255995,0
CC[C@H](C(=O)O)C(=O)C(O)=Cc1c[nH]c(Cl)c1Cl,O=C(O)CCCC(=O)C(O)=Cc1c[nH]c(Cl)c1Cl,CC[C@H](C(=O)O)C(=O)C(O)=Cc1c[nH]c(Cl)c1Cl >> O=C(O)CCCC(=O)C(O)=Cc1c[nH]c(Cl)c1Cl,rule0028_50,CC[C@H](C(=O)O)C(=O)C(O)=Cc1c[nH]c(Cl)c1Cl>>O=C(O)CCCC(=O)C(O)=Cc1c[nH]c(Cl)c1Cl,0.46533382,0,0.93843734,1,0.16983077,0,0.6043973,0
CC[C@@H]1C(=O)OC(=Cc2c[nH]c(Cl)c2Cl)C1=O.O,CC(O)[C@H]1C(=O)C(=Cc2c[nH]c(Cl)c2Cl)OC1O,CC[C@@H]1C(=O)OC(=Cc2c[nH]c(Cl)c2Cl)C1=O.O >> CC(O)[C@H]1C(=O)C(=Cc2c[nH]c(Cl)c2Cl)OC1O,rule0070_6,CC[C@@H]1C(=O)OC(=Cc2c[nH]c(Cl)c2Cl)C1=O.O>>CC(O)[C@H]1C(=O)C(=Cc2c[nH]c(Cl)c2Cl)OC1O,0.0023942534,0,0.031236826,0,0.23234129,0,0.0089924205,0
O=C(O)CC[C@@H]1C(=O)OC(=Cc2c[nH]c(Cl)c2Cl)C1=O,CC[C@@]1(C(=O)O)C(=O)OC(=Cc2c[nH]c(Cl)c2Cl)C1=O,O=C(O)CC[C@@H]1C(=O)OC(=Cc2c[nH]c(Cl)c2Cl)C1=O >> CC[C@@]1(C(=O)O)C(=O)OC(=Cc2c[nH]c(Cl)c2Cl)C1=O,rule0028_50,O=C(O)CC[C@@H]1C(=O)OC(=Cc2c[nH]c(Cl)c2Cl)C1=O>>CC[C@@]1(C(=O)O)C(=O)OC(=Cc2c[nH]c(Cl)c2Cl)C1=O,0.019887976,0,0.014927453,0,0.24983275,0,0.005658902,0
NC(=O)C1=CN([C@@H]2O[C@H](COP(=O)(O)OP(=O)(O)OC[C@H]3O[C@@H](n4cnc5c(N)ncnc54)[C@H](OP(=O)(O)O)[C@@H]3O)[C@@H](O)[C@H]2O)C=CC1.O=C1OC(=Cc2c[nH]c(Cl)c2Cl)C(O)[C@@H]1CCO.O=O,NC(=O)c1ccc[n+]([C@@H]2O[C@H](COP(=O)(O)OP(=O)(O)OC[C@H]3O[C@@H](n4cnc5c(N)ncnc54)[C@H](OP(=O)(O)O)[C@@H]3O)[C@@H](O)[C@H]2O)c1.O.O=C1OC(=Cc2c[nH]c(Cl)c2Cl)C(O)[C@@H]1CC(O)O,NC(=O)C1=CN([C@@H]2O[C@H](COP(=O)(O)OP(=O)(O)OC[C@H]3O[C@@H](n4cnc5c(N)ncnc54)[C@H](OP(=O)(O)O)[C@@H]3O)[C@@H](O)[C@H]2O)C=CC1.O=C1OC(=Cc2c[nH]c(Cl)c2Cl)C(O)[C@@H]1CCO.O=O >> NC(=O)c1ccc[n+]([C@@H]2O[C@H](COP(=O)(O)OP(=O)(O)OC[C@H]3O[C@@H](n4cnc5c(N)ncnc54)[C@H](OP(=O)(O)O)[C@@H]3O)[C@@H](O)[C@H]2O)c1.O.O=C1OC(=Cc2c[nH]c(Cl)c2Cl)C(O)[C@@H]1CC(O)O,rule0004_13,NC(=O)C1=CN([C@@H]2O[C@H](COP(=O)(O)OP(=O)(O)OC[C@H]3O[C@@H](n4cnc5c(N)ncnc54)[C@H](OP(=O)(O)O)[C@@H]3O)[C@@H](O)[C@H]2O)C=CC1.O=C1OC(=Cc2c[nH]c(Cl)c2Cl)C(O)[C@@H]1CCO.O=O>>NC(=O)c1ccc[n+]([C@@H]2O[C@H](COP(=O)(O)OP(=O)(O)OC[C@H]3O[C@@H](n4cnc5c(N)ncnc54)[C@H](OP(=O)(O)O)[C@@H]3O)[C@@H](O)[C@H]2O)c1.O.O=C1OC(=Cc2c[nH]c(Cl)c2Cl)C(O)[C@@H]1CC(O)O,0.016894428,0,0.111659326,0,0.21666154,0,0.06353707,0
CC[C@H](C(=O)O)C(=O)C(O)=Cc1c[nH]c(Cl)c1Cl.CC[C@H](C(=O)O)C(=O)C(O)=Cc1c[nH]c(Cl)c1Cl,CC[C@@](C)(C(=O)O)C(=O)C(O)=Cc1c[nH]c(Cl)c1Cl.C[C@H](C(=O)O)C(=O)C(O)=Cc1c[nH]c(Cl)c1Cl,CC[C@H](C(=O)O)C(=O)C(O)=Cc1c[nH]c(Cl)c1Cl.CC[C@H](C(=O)O)C(=O)C(O)=Cc1c[nH]c(Cl)c1Cl >> CC[C@@](C)(C(=O)O)C(=O)C(O)=Cc1c[nH]c(Cl)c1Cl.C[C@H](C(=O)O)C(=O)C(O)=Cc1c[nH]c(Cl)c1Cl,rule0126_2,CC[C@H](C(=O)O)C(=O)C(O)=Cc1c[nH]c(Cl)c1Cl.CC[C@H](C(=O)O)C(=O)C(O)=Cc1c[nH]c(Cl)c1Cl>>CC[C@@](C)(C(=O)O)C(=O)C(O)=Cc1c[nH]c(Cl)c1Cl.C[C@H](C(=O)O)C(=O)C(O)=Cc1c[nH]c(Cl)c1Cl,9.741382e-06,0,0.04202996,0,6.420495e-05,0,2.0174704e-05,0
CC[C@H](C(=O)O)C(=O)C(O)=Cc1c[nH]c(Cl)c1Cl.N.NC(=O)C1=CN([C@@H]2O[C@H](COP(=O)(O)OP(=O)(O)OC[C@H]3O[C@@H](n4cnc5c(N)ncnc54)[C@H](OP(=O)(O)O)[C@@H]3O)[C@@H](O)[C@H]2O)C=CC1,CC[C@@H](C(=O)C(O)=Cc1c[nH]c(Cl)c1Cl)C(N)O.NC(=O)c1ccc[n+]([C@@H]2O[C@H](COP(=O)(O)OP(=O)(O)OC[C@H]3O[C@@H](n4cnc5c(N)ncnc54)[C@H](OP(=O)(O)O)[C@@H]3O)[C@@H](O)[C@H]2O)c1.O,CC[C@H](C(=O)O)C(=O)C(O)=Cc1c[nH]c(Cl)c1Cl.N.NC(=O)C1=CN([C@@H]2O[C@H](COP(=O)(O)OP(=O)(O)OC[C@H]3O[C@@H](n4cnc5c(N)ncnc54)[C@H](OP(=O)(O)O)[C@@H]3O)[C@@H](O)[C@H]2O)C=CC1 >> CC[C@@H](C(=O)C(O)=Cc1c[nH]c(Cl)c1Cl)C(N)O.NC(=O)c1ccc[n+]([C@@H]2O[C@H](COP(=O)(O)OP(=O)(O)OC[C@H]3O[C@@H](n4cnc5c(N)ncnc54)[C@H](OP(=O)(O)O)[C@@H]3O)[C@@H](O)[C@H]2O)c1.O,rule0166_2,CC[C@H](C(=O)O)C(=O)C(O)=Cc1c[nH]c(Cl)c1Cl.N.NC(=O)C1=CN([C@@H]2O[C@H](COP(=O)(O)OP(=O)(O)OC[C@H]3O[C@@H](n4cnc5c(N)ncnc54)[C@H](OP(=O)(O)O)[C@@H]3O)[C@@H](O)[C@H]2O)C=CC1>>CC[C@@H](C(=O)C(O)=Cc1c[nH]c(Cl)c1Cl)C(N)O.NC(=O)c1ccc[n+]([C@@H]2O[C@H](COP(=O)(O)OP(=O)(O)OC[C@H]3O[C@@H](n4cnc5c(N)ncnc54)[C@H](OP(=O)(O)O)[C@@H]3O)[C@@H](O)[C@H]2O)c1.O,0.038060654,0,0.31228033,0,0.09993048,0,0.68054,1
C[S+](CC[C@H](N)C(=O)O)C[C@H]1O[C@@H](n2cnc3c(N)ncnc32)[C@H](O)[C@@H]1O.O=C1OC(=Cc2c[nH]c(Cl)c2Cl)C(=O)[C@@H]1CCO,COCC[C@@H]1C(=O)OC(=Cc2c[nH]c(Cl)c2Cl)C1=O.Nc1ncnc2c1ncn2[C@@H]1O[C@H](CSCC[C@H](N)C(=O)O)[C@@H](O)[C@H]1O,C[S+](CC[C@H](N)C(=O)O)C[C@H]1O[C@@H](n2cnc3c(N)ncnc32)[C@H](O)[C@@H]1O.O=C1OC(=Cc2c[nH]c(Cl)c2Cl)C(=O)[C@@H]1CCO >> COCC[C@@H]1C(=O)OC(=Cc2c[nH]c(Cl)c2Cl)C1=O.Nc1ncnc2c1ncn2[C@@H]1O[C@H](CSCC[C@H](N)C(=O)O)[C@@H](O)[C@H]1O,rule0011_50,C[S+](CC[C@H](N)C(=O)O)C[C@H]1O[C@@H](n2cnc3c(N)ncnc32)[C@H](O)[C@@H]1O.O=C1OC(=Cc2c[nH]c(Cl)c2Cl)C(=O)[C@@H]1CCO>>COCC[C@@H]1C(=O)OC(=Cc2c[nH]c(Cl)c2Cl)C1=O.Nc1ncnc2c1ncn2[C@@H]1O[C@H](CSCC[C@H](N)C(=O)O)[C@@H](O)[C@H]1O,0.6170085,1,0.5587713,0,0.14016289,0,0.6950227,1
CC[C@H](C(=O)O)C(=O)C(O)=Cc1c[nH]c(Cl)c1Cl.OO,CC[C@H](C(=O)O)C(O)C(O)=Cc1c[nH]c(Cl)c1Cl.O=O,CC[C@H](C(=O)O)C(=O)C(O)=Cc1c[nH]c(Cl)c1Cl.OO >> CC[C@H](C(=O)O)C(O)C(O)=Cc1c[nH]c(Cl)c1Cl.O=O,rule0078_11,CC[C@H](C(=O)O)C(=O)C(O)=Cc1c[nH]c(Cl)c1Cl.OO>>CC[C@H](C(=O)O)C(O)C(O)=Cc1c[nH]c(Cl)c1Cl.O=O,0.00038582573,0,9.0739035e-05,0,0.026989885,0,0.025698863,0
CC[C@@H]1C(=O)OC(=Cc2c[nH]c(Cl)c2Cl)C1=O,CCC(=C1OC(=O)CC1=O)c1c[nH]c(Cl)c1Cl,CC[C@@H]1C(=O)OC(=Cc2c[nH]c(Cl)c2Cl)C1=O >> CCC(=C1OC(=O)CC1=O)c1c[nH]c(Cl)c1Cl,rule0028_51,CC[C@@H]1C(=O)OC(=Cc2c[nH]c(Cl)c2Cl)C1=O>>CCC(=C1OC(=O)CC1=O)c1c[nH]c(Cl)c1Cl,0.62721246,1,0.92667884,1,0.9873016,1,0.46960592,0
CC[C@H](C(=O)O)C(=O)C(O)=Cc1c[nH]c(Cl)c1Cl,CC[C@H](C(=O)O)C(=O)c1[nH]c(Cl)c(Cl)c1C=CO,CC[C@H](C(=O)O)C(=O)C(O)=Cc1c[nH]c(Cl)c1Cl >> CC[C@H](C(=O)O)C(=O)c1[nH]c(Cl)c(Cl)c1C=CO,rule0028_47,CC[C@H](C(=O)O)C(=O)C(O)=Cc1c[nH]c(Cl)c1Cl>>CC[C@H](C(=O)O)C(=O)c1[nH]c(Cl)c(Cl)c1C=CO,0.015109291,0,0.051150583,0,0.070296794,0,0.007059024,0
CC[C@@]1(C)C(=O)OC(=Cc2c[nH]c(Cl)c2Cl)C1=O.O,CC(O)[C@]1(C)C(=O)C(=Cc2c[nH]c(Cl)c2Cl)OC1O,CC[C@@]1(C)C(=O)OC(=Cc2c[nH]c(Cl)c2Cl)C1=O.O >> CC(O)[C@]1(C)C(=O)C(=Cc2c[nH]c(Cl)c2Cl)OC1O,rule0070_6,CC[C@@]1(C)C(=O)OC(=Cc2c[nH]c(Cl)c2Cl)C1=O.O>>CC(O)[C@]1(C)C(=O)C(=Cc2c[nH]c(Cl)c2Cl)OC1O,0.01345349,0,0.092856795,0,0.29620662,0,0.012529648,0
CC(O)[C@@H]1C(=O)OC(=Cc2c[nH]c(Cl)c2Cl)C1=O.O,CC(O)[C@H](C(=O)O)C(=O)C(O)=Cc1c[nH]c(Cl)c1Cl,CC(O)[C@@H]1C(=O)OC(=Cc2c[nH]c(Cl)c2Cl)C1=O.O >> CC(O)[C@H](C(=O)O)C(=O)C(O)=Cc1c[nH]c(Cl)c1Cl,rule0035_7,CC(O)[C@@H]1C(=O)OC(=Cc2c[nH]c(Cl)c2Cl)C1=O.O>>CC(O)[C@H](C(=O)O)C(=O)C(O)=Cc1c[nH]c(Cl)c1Cl,0.58488846,1,0.8476745,1,0.93407476,1,0.9296935,1
O=C(O)CC[C@@H]1C(=O)OC(=Cc2c[nH]c(Cl)c2Cl)C1=O,O=C(O)CCc1[nH]c(Cl)c(Cl)c1C=C1OC(=O)CC1=O,O=C(O)CC[C@@H]1C(=O)OC(=Cc2c[nH]c(Cl)c2Cl)C1=O >> O=C(O)CCc1[nH]c(Cl)c(Cl)c1C=C1OC(=O)CC1=O,rule0028_47,O=C(O)CC[C@@H]1C(=O)OC(=Cc2c[nH]c(Cl)c2Cl)C1=O>>O=C(O)CCc1[nH]c(Cl)c(Cl)c1C=C1OC(=O)CC1=O,0.108696006,0,0.009577145,0,0.44113934,0,0.047212828,0
CC[C@H](C(=O)O)C(=O)C(O)=Cc1c[nH]c(Cl)c1Cl,CC[C@@H](C(=O)C=Cc1c[nH]c(Cl)c1Cl)C(=O)OO,CC[C@H](C(=O)O)C(=O)C(O)=Cc1c[nH]c(Cl)c1Cl >> CC[C@@H](C(=O)C=Cc1c[nH]c(Cl)c1Cl)C(=O)OO,rule0589_2,CC[C@H](C(=O)O)C(=O)C(O)=Cc1c[nH]c(Cl)c1Cl>>CC[C@@H](C(=O)C=Cc1c[nH]c(Cl)c1Cl)C(=O)OO,0.010815398,0,0.06664779,0,0.12357937,0,0.13775049,0
CC(O)[C@H]1C(=O)C(=Cc2c[nH]c(Cl)c2Cl)OC1O.CC(O)[C@H]1C(=O)C(=Cc2c[nH]c(Cl)c2Cl)OC1O,CC(C)(O)[C@H]1C(=O)C(=Cc2c[nH]c(Cl)c2Cl)OC1O.O=C1C(=Cc2c[nH]c(Cl)c2Cl)OC(O)[C@H]1CO,CC(O)[C@H]1C(=O)C(=Cc2c[nH]c(Cl)c2Cl)OC1O.CC(O)[C@H]1C(=O)C(=Cc2c[nH]c(Cl)c2Cl)OC1O >> CC(C)(O)[C@H]1C(=O)C(=Cc2c[nH]c(Cl)c2Cl)OC1O.O=C1C(=Cc2c[nH]c(Cl)c2Cl)OC(O)[C@H]1CO,rule0126_2,CC(O)[C@H]1C(=O)C(=Cc2c[nH]c(Cl)c2Cl)OC1O.CC(O)[C@H]1C(=O)C(=Cc2c[nH]c(Cl)c2Cl)OC1O>>CC(C)(O)[C@H]1C(=O)C(=Cc2c[nH]c(Cl)c2Cl)OC1O.O=C1C(=Cc2c[nH]c(Cl)c2Cl)OC(O)[C@H]1CO,0.006999492,0,0.029105097,0,0.008046064,0,0.17130181,0
CC(C)[C@@H]1C(=O)OC(=Cc2c[nH]c(Cl)c2Cl)C1=O.O,CC(C)(O)[C@H]1C(=O)C(=Cc2c[nH]c(Cl)c2Cl)OC1O,CC(C)[C@@H]1C(=O)OC(=Cc2c[nH]c(Cl)c2Cl)C1=O.O >> CC(C)(O)[C@H]1C(=O)C(=Cc2c[nH]c(Cl)c2Cl)OC1O,rule0070_6,CC(C)[C@@H]1C(=O)OC(=Cc2c[nH]c(Cl)c2Cl)C1=O.O>>CC(C)(O)[C@H]1C(=O)C(=Cc2c[nH]c(Cl)c2Cl)OC1O,0.0016164845,0,0.82910275,1,0.40733665,0,0.6414796,0
O.O=C1C(=Cc2c[nH]c(Cl)c2Cl)OC(O)[C@H]1CCO,OC(O)C[C@@H]1C(O)OC(=Cc2c[nH]c(Cl)c2Cl)C1O,O.O=C1C(=Cc2c[nH]c(Cl)c2Cl)OC(O)[C@H]1CCO >> OC(O)C[C@@H]1C(O)OC(=Cc2c[nH]c(Cl)c2Cl)C1O,rule0070_6,O.O=C1C(=Cc2c[nH]c(Cl)c2Cl)OC(O)[C@H]1CCO>>OC(O)C[C@@H]1C(O)OC(=Cc2c[nH]c(Cl)c2Cl)C1O,0.017645985,0,0.021850044,0,0.30216253,0,0.72668266,1
Cl.O=C1OC(=Cc2c[nH]c(Cl)c2Cl)C(O)[C@@H]1CCO,O.O=C1OC(=Cc2c[nH]c(Cl)c2Cl)C(O)[C@@H]1CCCl,Cl.O=C1OC(=Cc2c[nH]c(Cl)c2Cl)C(O)[C@@H]1CCO >> O.O=C1OC(=Cc2c[nH]c(Cl)c2Cl)C(O)[C@@H]1CCCl,rule0183_6,Cl.O=C1OC(=Cc2c[nH]c(Cl)c2Cl)C(O)[C@@H]1CCO>>O.O=C1OC(=Cc2c[nH]c(Cl)c2Cl)C(O)[C@@H]1CCCl,0.6014282,1,0.6269562,1,0.14746007,0,0.95097333,1
CC[C@@]1(C)C(=O)OC(=Cc2c[nH]c(Cl)c2Cl)C1=O,CCc1[nH]c(Cl)c(Cl)c1C=C1OC(=O)[C@@H](C)C1=O,CC[C@@]1(C)C(=O)OC(=Cc2c[nH]c(Cl)c2Cl)C1=O >> CCc1[nH]c(Cl)c(Cl)c1C=C1OC(=O)[C@@H](C)C1=O,rule0028_51,CC[C@@]1(C)C(=O)OC(=Cc2c[nH]c(Cl)c2Cl)C1=O>>CCc1[nH]c(Cl)c(Cl)c1C=C1OC(=O)[C@@H](C)C1=O,0.0035584809,0,0.021105234,0,0.13111827,0,0.053309314,0
CC[C@H](C(=O)O)C(=O)C(O)=Cc1c[nH]c(Cl)c1Cl.NC(=O)C1=CN([C@@H]2O[C@H](COP(=O)(O)OP(=O)(O)OC[C@H]3O[C@@H](n4cnc5c(N)ncnc54)[C@H](OP(=O)(O)O)[C@@H]3O)[C@@H](O)[C@H]2O)C=CC1,CC[C@H](C(=O)O)C(=O)C(O)Cc1c[nH]c(Cl)c1Cl.NC(=O)c1ccc[n+]([C@@H]2O[C@H](COP(=O)(O)OP(=O)(O)OC[C@H]3O[C@@H](n4cnc5c(N)ncnc54)[C@H](OP(=O)(O)O)[C@@H]3O)[C@@H](O)[C@H]2O)c1,CC[C@H](C(=O)O)C(=O)C(O)=Cc1c[nH]c(Cl)c1Cl.NC(=O)C1=CN([C@@H]2O[C@H](COP(=O)(O)OP(=O)(O)OC[C@H]3O[C@@H](n4cnc5c(N)ncnc54)[C@H](OP(=O)(O)O)[C@@H]3O)[C@@H](O)[C@H]2O)C=CC1 >> CC[C@H](C(=O)O)C(=O)C(O)Cc1c[nH]c(Cl)c1Cl.NC(=O)c1ccc[n+]([C@@H]2O[C@H](COP(=O)(O)OP(=O)(O)OC[C@H]3O[C@@H](n4cnc5c(N)ncnc54)[C@H](OP(=O)(O)O)[C@@H]3O)[C@@H](O)[C@H]2O)c1,rule0027_60,CC[C@H](C(=O)O)C(=O)C(O)=Cc1c[nH]c(Cl)c1Cl.NC(=O)C1=CN([C@@H]2O[C@H](COP(=O)(O)OP(=O)(O)OC[C@H]3O[C@@H](n4cnc5c(N)ncnc54)[C@H](OP(=O)(O)O)[C@@H]3O)[C@@H](O)[C@H]2O)C=CC1>>CC[C@H](C(=O)O)C(=O)C(O)Cc1c[nH]c(Cl)c1Cl.NC(=O)c1ccc[n+]([C@@H]2O[C@H](COP(=O)(O)OP(=O)(O)OC[C@H]3O[C@@H](n4cnc5c(N)ncnc54)[C@H](OP(=O)(O)O)[C@@H]3O)[C@@H](O)[C@H]2O)c1,0.3799525,0,0.99149984,1,0.83873945,1,0.8067339,1
CC(C(=O)O)[C@@H]1C(=O)OC(=Cc2c[nH]c(Cl)c2Cl)C1=O,CC(C(=O)O)C(=C1OC(=O)CC1=O)c1c[nH]c(Cl)c1Cl,CC(C(=O)O)[C@@H]1C(=O)OC(=Cc2c[nH]c(Cl)c2Cl)C1=O >> CC(C(=O)O)C(=C1OC(=O)CC1=O)c1c[nH]c(Cl)c1Cl,rule0028_51,CC(C(=O)O)[C@@H]1C(=O)OC(=Cc2c[nH]c(Cl)c2Cl)C1=O>>CC(C(=O)O)C(=C1OC(=O)CC1=O)c1c[nH]c(Cl)c1Cl,0.4411858,0,0.2003903,0,0.7991071,1,0.70707655,1
CC(O)[C@@H]1C(=O)OC(=Cc2c[nH]c(Cl)c2Cl)C1O.CC(O)[C@@H]1C(=O)OC(=Cc2c[nH]c(Cl)c2Cl)C1O,CCC(O)[C@@H]1C(=O)OC(=Cc2c[nH]c(Cl)c2Cl)C1O.O=C1OC(=Cc2c[nH]c(Cl)c2Cl)C(O)[C@@H]1CO,CC(O)[C@@H]1C(=O)OC(=Cc2c[nH]c(Cl)c2Cl)C1O.CC(O)[C@@H]1C(=O)OC(=Cc2c[nH]c(Cl)c2Cl)C1O >> CCC(O)[C@@H]1C(=O)OC(=Cc2c[nH]c(Cl)c2Cl)C1O.O=C1OC(=Cc2c[nH]c(Cl)c2Cl)C(O)[C@@H]1CO,rule0126_2,CC(O)[C@@H]1C(=O)OC(=Cc2c[nH]c(Cl)c2Cl)C1O.CC(O)[C@@H]1C(=O)OC(=Cc2c[nH]c(Cl)c2Cl)C1O>>CCC(O)[C@@H]1C(=O)OC(=Cc2c[nH]c(Cl)c2Cl)C1O.O=C1OC(=Cc2c[nH]c(Cl)c2Cl)C(O)[C@@H]1CO,0.06926526,0,0.026723547,0,0.0005393259,0,0.10993388,0
CCc1[nH]c(Cl)c(Cl)c1C=C1OC(=O)CC1=O.CCc1[nH]c(Cl)c(Cl)c1C=C1OC(=O)CC1=O,CCc1[nH]c(Cl)c(Cl)c1C(C)=C1OC(=O)CC1=O.Cc1[nH]c(Cl)c(Cl)c1C=C1OC(=O)CC1=O,CCc1[nH]c(Cl)c(Cl)c1C=C1OC(=O)CC1=O.CCc1[nH]c(Cl)c(Cl)c1C=C1OC(=O)CC1=O >> CCc1[nH]c(Cl)c(Cl)c1C(C)=C1OC(=O)CC1=O.Cc1[nH]c(Cl)c(Cl)c1C=C1OC(=O)CC1=O,rule0126_2,CCc1[nH]c(Cl)c(Cl)c1C=C1OC(=O)CC1=O.CCc1[nH]c(Cl)c(Cl)c1C=C1OC(=O)CC1=O>>CCc1[nH]c(Cl)c(Cl)c1C(C)=C1OC(=O)CC1=O.Cc1[nH]c(Cl)c(Cl)c1C=C1OC(=O)CC1=O,0.6331597,1,0.104598664,0,0.00033061637,0,0.41273096,0
C[S+](CC[C@H](N)C(=O)O)C[C@H]1O[C@@H](n2cnc3c(N)ncnc32)[C@H](O)[C@@H]1O.O=C1OC(=Cc2c[nH]c(Cl)c2Cl)C(=O)[C@@H]1CCO,CC(CO)[C@@H]1C(=O)OC(=Cc2c[nH]c(Cl)c2Cl)C1=O.Nc1ncnc2c1ncn2[C@@H]1O[C@H](CSCC[C@H](N)C(=O)O)[C@@H](O)[C@H]1O,C[S+](CC[C@H](N)C(=O)O)C[C@H]1O[C@@H](n2cnc3c(N)ncnc32)[C@H](O)[C@@H]1O.O=C1OC(=Cc2c[nH]c(Cl)c2Cl)C(=O)[C@@H]1CCO >> CC(CO)[C@@H]1C(=O)OC(=Cc2c[nH]c(Cl)c2Cl)C1=O.Nc1ncnc2c1ncn2[C@@H]1O[C@H](CSCC[C@H](N)C(=O)O)[C@@H](O)[C@H]1O,rule0043_12,C[S+](CC[C@H](N)C(=O)O)C[C@H]1O[C@@H](n2cnc3c(N)ncnc32)[C@H](O)[C@@H]1O.O=C1OC(=Cc2c[nH]c(Cl)c2Cl)C(=O)[C@@H]1CCO>>CC(CO)[C@@H]1C(=O)OC(=Cc2c[nH]c(Cl)c2Cl)C1=O.Nc1ncnc2c1ncn2[C@@H]1O[C@H](CSCC[C@H](N)C(=O)O)[C@@H](O)[C@H]1O,0.8970118,1,0.99090415,1,0.13930196,0,0.15160942,0
CC(C)[C@@H]1C(=O)OC(=Cc2c[nH]c(Cl)c2Cl)C1=O,CCC[C@@H]1C(=O)OC(=Cc2c[nH]c(Cl)c2Cl)C1=O,CC(C)[C@@H]1C(=O)OC(=Cc2c[nH]c(Cl)c2Cl)C1=O >> CCC[C@@H]1C(=O)OC(=Cc2c[nH]c(Cl)c2Cl)C1=O,rule0028_51,CC(C)[C@@H]1C(=O)OC(=Cc2c[nH]c(Cl)c2Cl)C1=O>>CCC[C@@H]1C(=O)OC(=Cc2c[nH]c(Cl)c2Cl)C1=O,0.0038409089,0,0.35245457,0,0.32666853,0,0.41149467,0
CC[C@@H]1C(=O)OC(=Cc2c[nH]c(Cl)c2Cl)C1=O,CCc1[nH]c(Cl)c(Cl)c1C=C1OC(=O)CC1=O,CC[C@@H]1C(=O)OC(=Cc2c[nH]c(Cl)c2Cl)C1=O >> CCc1[nH]c(Cl)c(Cl)c1C=C1OC(=O)CC1=O,rule0028_51,CC[C@@H]1C(=O)OC(=Cc2c[nH]c(Cl)c2Cl)C1=O>>CCc1[nH]c(Cl)c(Cl)c1C=C1OC(=O)CC1=O,0.12548886,0,0.7535689,1,0.4217301,0,0.03559595,0
NC(=O)c1ccc[n+]([C@@H]2O[C@H](COP(=O)(O)OP(=O)(O)OC[C@H]3O[C@@H](n4cnc5c(N)ncnc54)[C@H](OP(=O)(O)O)[C@@H]3O)[C@@H](O)[C@H]2O)c1.NC(=O)c1ccc[n+]([C@@H]2O[C@H](COP(=O)(O)OP(=O)(O)OC[C@H]3O[C@@H](n4cnc5c(N)ncnc54)[C@H](OP(=O)(O)O)[C@@H]3O)[C@@H](O)[C@H]2O)c1.O.O=C1C(=Cc2c[nH]c(Cl)c2Cl)OC(O)[C@H]1CCO,NC(=O)C1=CN([C@@H]2O[C@H](COP(=O)(O)OP(=O)(O)OC[C@H]3O[C@@H](n4cnc5c(N)ncnc54)[C@H](OP(=O)(O)O)[C@@H]3O)[C@@H](O)[C@H]2O)C=CC1.NC(=O)C1=CN([C@@H]2O[C@H](COP(=O)(O)OP(=O)(O)OC[C@H]3O[C@@H](n4cnc5c(N)ncnc54)[C@H](OP(=O)(O)O)[C@@H]3O)[C@@H](O)[C@H]2O)C=CC1.O=C(O)C[C@H]1C(=O)C(=Cc2c[nH]c(Cl)c2Cl)OC1O,NC(=O)c1ccc[n+]([C@@H]2O[C@H](COP(=O)(O)OP(=O)(O)OC[C@H]3O[C@@H](n4cnc5c(N)ncnc54)[C@H](OP(=O)(O)O)[C@@H]3O)[C@@H](O)[C@H]2O)c1.NC(=O)c1ccc[n+]([C@@H]2O[C@H](COP(=O)(O)OP(=O)(O)OC[C@H]3O[C@@H](n4cnc5c(N)ncnc54)[C@H](OP(=O)(O)O)[C@@H]3O)[C@@H](O)[C@H]2O)c1.O.O=C1C(=Cc2c[nH]c(Cl)c2Cl)OC(O)[C@H]1CCO >> NC(=O)C1=CN([C@@H]2O[C@H](COP(=O)(O)OP(=O)(O)OC[C@H]3O[C@@H](n4cnc5c(N)ncnc54)[C@H](OP(=O)(O)O)[C@@H]3O)[C@@H](O)[C@H]2O)C=CC1.NC(=O)C1=CN([C@@H]2O[C@H](COP(=O)(O)OP(=O)(O)OC[C@H]3O[C@@H](n4cnc5c(N)ncnc54)[C@H](OP(=O)(O)O)[C@@H]3O)[C@@H](O)[C@H]2O)C=CC1.O=C(O)C[C@H]1C(=O)C(=Cc2c[nH]c(Cl)c2Cl)OC1O,rule0165_2,NC(=O)c1ccc[n+]([C@@H]2O[C@H](COP(=O)(O)OP(=O)(O)OC[C@H]3O[C@@H](n4cnc5c(N)ncnc54)[C@H](OP(=O)(O)O)[C@@H]3O)[C@@H](O)[C@H]2O)c1.NC(=O)c1ccc[n+]([C@@H]2O[C@H](COP(=O)(O)OP(=O)(O)OC[C@H]3O[C@@H](n4cnc5c(N)ncnc54)[C@H](OP(=O)(O)O)[C@@H]3O)[C@@H](O)[C@H]2O)c1.O.O=C1C(=Cc2c[nH]c(Cl)c2Cl)OC(O)[C@H]1CCO>>NC(=O)C1=CN([C@@H]2O[C@H](COP(=O)(O)OP(=O)(O)OC[C@H]3O[C@@H](n4cnc5c(N)ncnc54)[C@H](OP(=O)(O)O)[C@@H]3O)[C@@H](O)[C@H]2O)C=CC1.NC(=O)C1=CN([C@@H]2O[C@H](COP(=O)(O)OP(=O)(O)OC[C@H]3O[C@@H](n4cnc5c(N)ncnc54)[C@H](OP(=O)(O)O)[C@@H]3O)[C@@H](O)[C@H]2O)C=CC1.O=C(O)C[C@H]1C(=O)C(=Cc2c[nH]c(Cl)c2Cl)OC1O,0.0020098314,0,0.93661755,1,0.3145358,0,0.95632243,1
CC(=C1OC(=O)[C@@H](C)C1=O)c1c[nH]c(Cl)c1Cl,CC(=C1OC(=O)[C@@H](C)C1=O)c1cc(Cl)c(Cl)[nH]1,CC(=C1OC(=O)[C@@H](C)C1=O)c1c[nH]c(Cl)c1Cl >> CC(=C1OC(=O)[C@@H](C)C1=O)c1cc(Cl)c(Cl)[nH]1,rule0028_51,CC(=C1OC(=O)[C@@H](C)C1=O)c1c[nH]c(Cl)c1Cl>>CC(=C1OC(=O)[C@@H](C)C1=O)c1cc(Cl)c(Cl)[nH]1,0.020157281,0,0.54238397,0,0.84846956,1,0.65261126,0
CC[C@@H]1C(=O)OC(=C(C)c2c[nH]c(Cl)c2Cl)C1=O,CC[C@@]1(C)C(=O)OC(=Cc2c[nH]c(Cl)c2Cl)C1=O,CC[C@@H]1C(=O)OC(=C(C)c2c[nH]c(Cl)c2Cl)C1=O >> CC[C@@]1(C)C(=O)OC(=Cc2c[nH]c(Cl)c2Cl)C1=O,rule0028_51,CC[C@@H]1C(=O)OC(=C(C)c2c[nH]c(Cl)c2Cl)C1=O>>CC[C@@]1(C)C(=O)OC(=Cc2c[nH]c(Cl)c2Cl)C1=O,0.023390591,0,0.41652212,0,0.0979609,0,0.0029929897,0
CC(O)[C@H]1C(=O)C(=Cc2c[nH]c(Cl)c2Cl)OC1O.NC(=O)C1=CN([C@@H]2O[C@H](COP(=O)(O)OP(=O)(O)OC[C@H]3O[C@@H](n4cnc5c(N)ncnc54)[C@H](OP(=O)(O)O)[C@@H]3O)[C@@H](O)[C@H]2O)C=CC1.O=O,CC(=O)[C@H]1C(=O)C(=Cc2c[nH]c(Cl)c2Cl)OC1O.NC(=O)c1ccc[n+]([C@@H]2O[C@H](COP(=O)(O)OP(=O)(O)OC[C@H]3O[C@@H](n4cnc5c(N)ncnc54)[C@H](OP(=O)(O)O)[C@@H]3O)[C@@H](O)[C@H]2O)c1.O.O,CC(O)[C@H]1C(=O)C(=Cc2c[nH]c(Cl)c2Cl)OC1O.NC(=O)C1=CN([C@@H]2O[C@H](COP(=O)(O)OP(=O)(O)OC[C@H]3O[C@@H](n4cnc5c(N)ncnc54)[C@H](OP(=O)(O)O)[C@@H]3O)[C@@H](O)[C@H]2O)C=CC1.O=O >> CC(=O)[C@H]1C(=O)C(=Cc2c[nH]c(Cl)c2Cl)OC1O.NC(=O)c1ccc[n+]([C@@H]2O[C@H](COP(=O)(O)OP(=O)(O)OC[C@H]3O[C@@H](n4cnc5c(N)ncnc54)[C@H](OP(=O)(O)O)[C@@H]3O)[C@@H](O)[C@H]2O)c1.O.O,rule0073_5,CC(O)[C@H]1C(=O)C(=Cc2c[nH]c(Cl)c2Cl)OC1O.NC(=O)C1=CN([C@@H]2O[C@H](COP(=O)(O)OP(=O)(O)OC[C@H]3O[C@@H](n4cnc5c(N)ncnc54)[C@H](OP(=O)(O)O)[C@@H]3O)[C@@H](O)[C@H]2O)C=CC1.O=O>>CC(=O)[C@H]1C(=O)C(=Cc2c[nH]c(Cl)c2Cl)OC1O.NC(=O)c1ccc[n+]([C@@H]2O[C@H](COP(=O)(O)OP(=O)(O)OC[C@H]3O[C@@H](n4cnc5c(N)ncnc54)[C@H](OP(=O)(O)O)[C@@H]3O)[C@@H](O)[C@H]2O)c1.O.O,0.02809127,0,0.9106577,1,0.17305036,0,0.18698289,0
CCC[C@@H]1C(=O)OC(=Cc2c[nH]c(Cl)c2Cl)C1=O.O,CC(O)C[C@@H]1C(=O)OC(=Cc2c[nH]c(Cl)c2Cl)C1O,CCC[C@@H]1C(=O)OC(=Cc2c[nH]c(Cl)c2Cl)C1=O.O >> CC(O)C[C@@H]1C(=O)OC(=Cc2c[nH]c(Cl)c2Cl)C1O,rule0070_6,CCC[C@@H]1C(=O)OC(=Cc2c[nH]c(Cl)c2Cl)C1=O.O>>CC(O)C[C@@H]1C(=O)OC(=Cc2c[nH]c(Cl)c2Cl)C1O,0.06674067,0,0.34297583,0,0.18052556,0,0.06436931,0
CC(O)[C@@H]1C(=O)OC(=Cc2c[nH]c(Cl)c2Cl)C1=O.NC(=O)C1=CN([C@@H]2O[C@H](COP(=O)(O)OP(=O)(O)OC[C@H]3O[C@@H](n4cnc5c(N)ncnc54)[C@H](OP(=O)(O)O)[C@@H]3O)[C@@H](O)[C@H]2O)C=CC1.O=O,NC(=O)c1ccc[n+]([C@@H]2O[C@H](COP(=O)(O)OP(=O)(O)OC[C@H]3O[C@@H](n4cnc5c(N)ncnc54)[C@H](OP(=O)(O)O)[C@@H]3O)[C@@H](O)[C@H]2O)c1.O.O=C1OC(=Cc2c[nH]c(Cl)c2Cl)C(=O)[C@@H]1C(O)CO,CC(O)[C@@H]1C(=O)OC(=Cc2c[nH]c(Cl)c2Cl)C1=O.NC(=O)C1=CN([C@@H]2O[C@H](COP(=O)(O)OP(=O)(O)OC[C@H]3O[C@@H](n4cnc5c(N)ncnc54)[C@H](OP(=O)(O)O)[C@@H]3O)[C@@H](O)[C@H]2O)C=CC1.O=O >> NC(=O)c1ccc[n+]([C@@H]2O[C@H](COP(=O)(O)OP(=O)(O)OC[C@H]3O[C@@H](n4cnc5c(N)ncnc54)[C@H](OP(=O)(O)O)[C@@H]3O)[C@@H](O)[C@H]2O)c1.O.O=C1OC(=Cc2c[nH]c(Cl)c2Cl)C(=O)[C@@H]1C(O)CO,rule0004_13,CC(O)[C@@H]1C(=O)OC(=Cc2c[nH]c(Cl)c2Cl)C1=O.NC(=O)C1=CN([C@@H]2O[C@H](COP(=O)(O)OP(=O)(O)OC[C@H]3O[C@@H](n4cnc5c(N)ncnc54)[C@H](OP(=O)(O)O)[C@@H]3O)[C@@H](O)[C@H]2O)C=CC1.O=O>>NC(=O)c1ccc[n+]([C@@H]2O[C@H](COP(=O)(O)OP(=O)(O)OC[C@H]3O[C@@H](n4cnc5c(N)ncnc54)[C@H](OP(=O)(O)O)[C@@H]3O)[C@@H](O)[C@H]2O)c1.O.O=C1OC(=Cc2c[nH]c(Cl)c2Cl)C(=O)[C@@H]1C(O)CO,0.0008352351,0,0.019779557,0,0.07806093,0,0.2994661,0
CC[C@H](C(=O)O)C(=O)C(O)=Cc1c[nH]c(Cl)c1Cl.NC(=O)C1=CN([C@@H]2O[C@H](COP(=O)(O)OP(=O)(O)OC[C@H]3O[C@@H](n4cnc5c(N)ncnc54)[C@H](OP(=O)(O)O)[C@@H]3O)[C@@H](O)[C@H]2O)C=CC1.O=O,CC[C@@H](OC(=O)C(O)=Cc1c[nH]c(Cl)c1Cl)C(=O)O.NC(=O)c1ccc[n+]([C@@H]2O[C@H](COP(=O)(O)OP(=O)(O)OC[C@H]3O[C@@H](n4cnc5c(N)ncnc54)[C@H](OP(=O)(O)O)[C@@H]3O)[C@@H](O)[C@H]2O)c1.O,CC[C@H](C(=O)O)C(=O)C(O)=Cc1c[nH]c(Cl)c1Cl.NC(=O)C1=CN([C@@H]2O[C@H](COP(=O)(O)OP(=O)(O)OC[C@H]3O[C@@H](n4cnc5c(N)ncnc54)[C@H](OP(=O)(O)O)[C@@H]3O)[C@@H](O)[C@H]2O)C=CC1.O=O >> CC[C@@H](OC(=O)C(O)=Cc1c[nH]c(Cl)c1Cl)C(=O)O.NC(=O)c1ccc[n+]([C@@H]2O[C@H](COP(=O)(O)OP(=O)(O)OC[C@H]3O[C@@H](n4cnc5c(N)ncnc54)[C@H](OP(=O)(O)O)[C@@H]3O)[C@@H](O)[C@H]2O)c1.O,rule0083_11,CC[C@H](C(=O)O)C(=O)C(O)=Cc1c[nH]c(Cl)c1Cl.NC(=O)C1=CN([C@@H]2O[C@H](COP(=O)(O)OP(=O)(O)OC[C@H]3O[C@@H](n4cnc5c(N)ncnc54)[C@H](OP(=O)(O)O)[C@@H]3O)[C@@H](O)[C@H]2O)C=CC1.O=O>>CC[C@@H](OC(=O)C(O)=Cc1c[nH]c(Cl)c1Cl)C(=O)O.NC(=O)c1ccc[n+]([C@@H]2O[C@H](COP(=O)(O)OP(=O)(O)OC[C@H]3O[C@@H](n4cnc5c(N)ncnc54)[C@H](OP(=O)(O)O)[C@@H]3O)[C@@H](O)[C@H]2O)c1.O,0.10001862,0,0.09932917,0,0.045280818,0,0.064381234,0
C[S+](CC[C@H](N)C(=O)O)C[C@H]1O[C@@H](n2cnc3c(N)ncnc32)[C@H](O)[C@@H]1O.O=C1OC(=Cc2c[nH]c(Cl)c2Cl)C(=O)[C@@H]1CCO,CC(O)C[C@@H]1C(=O)OC(=Cc2c[nH]c(Cl)c2Cl)C1=O.Nc1ncnc2c1ncn2[C@@H]1O[C@H](CSCC[C@H](N)C(=O)O)[C@@H](O)[C@H]1O,C[S+](CC[C@H](N)C(=O)O)C[C@H]1O[C@@H](n2cnc3c(N)ncnc32)[C@H](O)[C@@H]1O.O=C1OC(=Cc2c[nH]c(Cl)c2Cl)C(=O)[C@@H]1CCO >> CC(O)C[C@@H]1C(=O)OC(=Cc2c[nH]c(Cl)c2Cl)C1=O.Nc1ncnc2c1ncn2[C@@H]1O[C@H](CSCC[C@H](N)C(=O)O)[C@@H](O)[C@H]1O,rule0043_12,C[S+](CC[C@H](N)C(=O)O)C[C@H]1O[C@@H](n2cnc3c(N)ncnc32)[C@H](O)[C@@H]1O.O=C1OC(=Cc2c[nH]c(Cl)c2Cl)C(=O)[C@@H]1CCO>>CC(O)C[C@@H]1C(=O)OC(=Cc2c[nH]c(Cl)c2Cl)C1=O.Nc1ncnc2c1ncn2[C@@H]1O[C@H](CSCC[C@H](N)C(=O)O)[C@@H](O)[C@H]1O,0.43122715,0,0.9600137,1,0.34833965,0,0.62940395,0
CC(O)[C@@H]1C(=O)OC(=Cc2c[nH]c(Cl)c2Cl)C1=O.C[S+](CC[C@H](N)C(=O)O)C[C@H]1O[C@@H](n2cnc3c(N)ncnc32)[C@H](O)[C@@H]1O,CC(C)(O)[C@@H]1C(=O)OC(=Cc2c[nH]c(Cl)c2Cl)C1=O.Nc1ncnc2c1ncn2[C@@H]1O[C@H](CSCC[C@H](N)C(=O)O)[C@@H](O)[C@H]1O,CC(O)[C@@H]1C(=O)OC(=Cc2c[nH]c(Cl)c2Cl)C1=O.C[S+](CC[C@H](N)C(=O)O)C[C@H]1O[C@@H](n2cnc3c(N)ncnc32)[C@H](O)[C@@H]1O >> CC(C)(O)[C@@H]1C(=O)OC(=Cc2c[nH]c(Cl)c2Cl)C1=O.Nc1ncnc2c1ncn2[C@@H]1O[C@H](CSCC[C@H](N)C(=O)O)[C@@H](O)[C@H]1O,rule0043_12,CC(O)[C@@H]1C(=O)OC(=Cc2c[nH]c(Cl)c2Cl)C1=O.C[S+](CC[C@H](N)C(=O)O)C[C@H]1O[C@@H](n2cnc3c(N)ncnc32)[C@H](O)[C@@H]1O>>CC(C)(O)[C@@H]1C(=O)OC(=Cc2c[nH]c(Cl)c2Cl)C1=O.Nc1ncnc2c1ncn2[C@@H]1O[C@H](CSCC[C@H](N)C(=O)O)[C@@H](O)[C@H]1O,0.49382445,0,0.88633037,1,0.3602704,0,0.30788237,0
CC[C@@H]1C(=O)OC(=C(C)c2c[nH]c(Cl)c2Cl)C1=O,CCc1[nH]c(Cl)c(Cl)c1C(C)=C1OC(=O)CC1=O,CC[C@@H]1C(=O)OC(=C(C)c2c[nH]c(Cl)c2Cl)C1=O >> CCc1[nH]c(Cl)c(Cl)c1C(C)=C1OC(=O)CC1=O,rule0028_51,CC[C@@H]1C(=O)OC(=C(C)c2c[nH]c(Cl)c2Cl)C1=O>>CCc1[nH]c(Cl)c(Cl)c1C(C)=C1OC(=O)CC1=O,0.37267047,0,0.6858779,1,0.6478313,1,0.10065489,0
O=C(O)CC[C@@H]1C(=O)OC(=Cc2c[nH]c(Cl)c2Cl)C1=O,O=C1OC(=Cc2c[nH]c(Cl)c2Cl)C(=O)[C@@H]1CC1OC1O,O=C(O)CC[C@@H]1C(=O)OC(=Cc2c[nH]c(Cl)c2Cl)C1=O >> O=C1OC(=Cc2c[nH]c(Cl)c2Cl)C(=O)[C@@H]1CC1OC1O,rule0169_1,O=C(O)CC[C@@H]1C(=O)OC(=Cc2c[nH]c(Cl)c2Cl)C1=O>>O=C1OC(=Cc2c[nH]c(Cl)c2Cl)C(=O)[C@@H]1CC1OC1O,0.00013183427,0,0.0010129816,0,0.032385997,0,0.10270395,0
CC(O)[C@H]1C(=O)C(=Cc2c[nH]c(Cl)c2Cl)OC1O.CC(O)[C@H]1C(=O)C(=Cc2c[nH]c(Cl)c2Cl)OC1O,Cc1[nH]c(Cl)c(Cl)c1C=C1OC(O)[C@@H](C(C)O)C1=O.O=C1C(=Cc2c[nH]c(Cl)c2Cl)OC(O)[C@H]1CO,CC(O)[C@H]1C(=O)C(=Cc2c[nH]c(Cl)c2Cl)OC1O.CC(O)[C@H]1C(=O)C(=Cc2c[nH]c(Cl)c2Cl)OC1O >> Cc1[nH]c(Cl)c(Cl)c1C=C1OC(O)[C@@H](C(C)O)C1=O.O=C1C(=Cc2c[nH]c(Cl)c2Cl)OC(O)[C@H]1CO,rule0126_2,CC(O)[C@H]1C(=O)C(=Cc2c[nH]c(Cl)c2Cl)OC1O.CC(O)[C@H]1C(=O)C(=Cc2c[nH]c(Cl)c2Cl)OC1O>>Cc1[nH]c(Cl)c(Cl)c1C=C1OC(O)[C@@H](C(C)O)C1=O.O=C1C(=Cc2c[nH]c(Cl)c2Cl)OC(O)[C@H]1CO,0.012884551,0,0.07718531,0,0.00070709357,0,0.09325609,0
CCc1[nH]c(Cl)c(Cl)c1C=C1OC(=O)CC1=O,CCC(=C1OC(=O)CC1=O)c1c[nH]c(Cl)c1Cl,CCc1[nH]c(Cl)c(Cl)c1C=C1OC(=O)CC1=O >> CCC(=C1OC(=O)CC1=O)c1c[nH]c(Cl)c1Cl,rule0028_51,CCc1[nH]c(Cl)c(Cl)c1C=C1OC(=O)CC1=O>>CCC(=C1OC(=O)CC1=O)c1c[nH]c(Cl)c1Cl,0.50765365,0,0.8333734,1,0.88886136,1,0.9071573,1
CC[C@H](C(=O)O)C(=O)C(O)=Cc1c[nH]c(Cl)c1Cl,CC[C@]1(C(O)O)OC(=Cc2c[nH]c(Cl)c2Cl)C1=O,CC[C@H](C(=O)O)C(=O)C(O)=Cc1c[nH]c(Cl)c1Cl >> CC[C@]1(C(O)O)OC(=Cc2c[nH]c(Cl)c2Cl)C1=O,rule0169_1,CC[C@H](C(=O)O)C(=O)C(O)=Cc1c[nH]c(Cl)c1Cl>>CC[C@]1(C(O)O)OC(=Cc2c[nH]c(Cl)c2Cl)C1=O,0.005953679,0,0.009544251,0,0.014163895,0,0.0027203888,0
CCC(=C1OC(=O)CC1=O)c1c[nH]c(Cl)c1Cl.O,CC(O)C(=C1OC(=O)CC1O)c1c[nH]c(Cl)c1Cl,CCC(=C1OC(=O)CC1=O)c1c[nH]c(Cl)c1Cl.O >> CC(O)C(=C1OC(=O)CC1O)c1c[nH]c(Cl)c1Cl,rule0070_6,CCC(=C1OC(=O)CC1=O)c1c[nH]c(Cl)c1Cl.O>>CC(O)C(=C1OC(=O)CC1O)c1c[nH]c(Cl)c1Cl,0.0027960965,0,0.026123518,0,0.11212041,0,0.020246785,0
CC[C@@H]1C(=O)OC(=Cc2c[nH]c(Cl)c2Cl)C1=O.O=C=O,CC(C(=O)O)[C@@H]1C(=O)OC(=Cc2c[nH]c(Cl)c2Cl)C1=O,CC[C@@H]1C(=O)OC(=Cc2c[nH]c(Cl)c2Cl)C1=O.O=C=O >> CC(C(=O)O)[C@@H]1C(=O)OC(=Cc2c[nH]c(Cl)c2Cl)C1=O,rule0023_20,CC[C@@H]1C(=O)OC(=Cc2c[nH]c(Cl)c2Cl)C1=O.O=C=O>>CC(C(=O)O)[C@@H]1C(=O)OC(=Cc2c[nH]c(Cl)c2Cl)C1=O,6.270763e-05,0,0.00048855075,0,0.0009015094,0,0.0020641575,0
CC(O)[C@H]1C(=O)C(=Cc2c[nH]c(Cl)c2Cl)OC1O,CC1(O)OC(=Cc2c[nH]c(Cl)c2Cl)C(=O)[C@@H]1CO,CC(O)[C@H]1C(=O)C(=Cc2c[nH]c(Cl)c2Cl)OC1O >> CC1(O)OC(=Cc2c[nH]c(Cl)c2Cl)C(=O)[C@@H]1CO,rule0028_51,CC(O)[C@H]1C(=O)C(=Cc2c[nH]c(Cl)c2Cl)OC1O>>CC1(O)OC(=Cc2c[nH]c(Cl)c2Cl)C(=O)[C@@H]1CO,0.010084621,0,0.042112533,0,0.16569911,0,0.7001401,1
CC(O)[C@H]1C(=O)C(=Cc2c[nH]c(Cl)c2Cl)OC1O.NC(=O)C1=CN([C@@H]2O[C@H](COP(=O)(O)OP(=O)(O)OC[C@H]3O[C@@H](n4cnc5c(N)ncnc54)[C@H](OP(=O)(O)O)[C@@H]3O)[C@@H](O)[C@H]2O)C=CC1.O=O,NC(=O)c1ccc[n+]([C@@H]2O[C@H](COP(=O)(O)OP(=O)(O)OC[C@H]3O[C@@H](n4cnc5c(N)ncnc54)[C@H](OP(=O)(O)O)[C@@H]3O)[C@@H](O)[C@H]2O)c1.O.O=C1C(=Cc2c[nH]c(Cl)c2Cl)OC(O)[C@H]1C(O)CO,CC(O)[C@H]1C(=O)C(=Cc2c[nH]c(Cl)c2Cl)OC1O.NC(=O)C1=CN([C@@H]2O[C@H](COP(=O)(O)OP(=O)(O)OC[C@H]3O[C@@H](n4cnc5c(N)ncnc54)[C@H](OP(=O)(O)O)[C@@H]3O)[C@@H](O)[C@H]2O)C=CC1.O=O >> NC(=O)c1ccc[n+]([C@@H]2O[C@H](COP(=O)(O)OP(=O)(O)OC[C@H]3O[C@@H](n4cnc5c(N)ncnc54)[C@H](OP(=O)(O)O)[C@@H]3O)[C@@H](O)[C@H]2O)c1.O.O=C1C(=Cc2c[nH]c(Cl)c2Cl)OC(O)[C@H]1C(O)CO,rule0004_13,CC(O)[C@H]1C(=O)C(=Cc2c[nH]c(Cl)c2Cl)OC1O.NC(=O)C1=CN([C@@H]2O[C@H](COP(=O)(O)OP(=O)(O)OC[C@H]3O[C@@H](n4cnc5c(N)ncnc54)[C@H](OP(=O)(O)O)[C@@H]3O)[C@@H](O)[C@H]2O)C=CC1.O=O>>NC(=O)c1ccc[n+]([C@@H]2O[C@H](COP(=O)(O)OP(=O)(O)OC[C@H]3O[C@@H](n4cnc5c(N)ncnc54)[C@H](OP(=O)(O)O)[C@@H]3O)[C@@H](O)[C@H]2O)c1.O.O=C1C(=Cc2c[nH]c(Cl)c2Cl)OC(O)[C@H]1C(O)CO,0.00018190847,0,0.05221823,0,0.03835215,0,0.20297807,0
CC[C@@H]1C(=O)OC(=Cc2c(C)[nH]c(Cl)c2Cl)C1=O,Cc1[nH]c(Cl)c(Cl)c1C=C1OC(=O)C(C)(C)C1=O,CC[C@@H]1C(=O)OC(=Cc2c(C)[nH]c(Cl)c2Cl)C1=O >> Cc1[nH]c(Cl)c(Cl)c1C=C1OC(=O)C(C)(C)C1=O,rule0028_51,CC[C@@H]1C(=O)OC(=Cc2c(C)[nH]c(Cl)c2Cl)C1=O>>Cc1[nH]c(Cl)c(Cl)c1C=C1OC(=O)C(C)(C)C1=O,0.121261746,0,0.21514265,0,0.056405433,0,0.046220936,0
CCc1[nH]c(Cl)c(Cl)c1C=C1OC(=O)CC1=O.NC(=O)C1=CN([C@@H]2O[C@H](COP(=O)(O)OP(=O)(O)OC[C@H]3O[C@@H](n4cnc5c(N)ncnc54)[C@H](OP(=O)(O)O)[C@@H]3O)[C@@H](O)[C@H]2O)C=CC1.O=O,CC(O)c1[nH]c(Cl)c(Cl)c1C=C1OC(=O)CC1=O.NC(=O)c1ccc[n+]([C@@H]2O[C@H](COP(=O)(O)OP(=O)(O)OC[C@H]3O[C@@H](n4cnc5c(N)ncnc54)[C@H](OP(=O)(O)O)[C@@H]3O)[C@@H](O)[C@H]2O)c1.O,CCc1[nH]c(Cl)c(Cl)c1C=C1OC(=O)CC1=O.NC(=O)C1=CN([C@@H]2O[C@H](COP(=O)(O)OP(=O)(O)OC[C@H]3O[C@@H](n4cnc5c(N)ncnc54)[C@H](OP(=O)(O)O)[C@@H]3O)[C@@H](O)[C@H]2O)C=CC1.O=O >> CC(O)c1[nH]c(Cl)c(Cl)c1C=C1OC(=O)CC1=O.NC(=O)c1ccc[n+]([C@@H]2O[C@H](COP(=O)(O)OP(=O)(O)OC[C@H]3O[C@@H](n4cnc5c(N)ncnc54)[C@H](OP(=O)(O)O)[C@@H]3O)[C@@H](O)[C@H]2O)c1.O,rule0004_13,CCc1[nH]c(Cl)c(Cl)c1C=C1OC(=O)CC1=O.NC(=O)C1=CN([C@@H]2O[C@H](COP(=O)(O)OP(=O)(O)OC[C@H]3O[C@@H](n4cnc5c(N)ncnc54)[C@H](OP(=O)(O)O)[C@@H]3O)[C@@H](O)[C@H]2O)C=CC1.O=O>>CC(O)c1[nH]c(Cl)c(Cl)c1C=C1OC(=O)CC1=O.NC(=O)c1ccc[n+]([C@@H]2O[C@H](COP(=O)(O)OP(=O)(O)OC[C@H]3O[C@@H](n4cnc5c(N)ncnc54)[C@H](OP(=O)(O)O)[C@@H]3O)[C@@H](O)[C@H]2O)c1.O,0.2601266,0,0.050815698,0,0.048559137,0,0.48993814,0
CC[C@H](C(=O)O)C(=O)C(O)=Cc1c[nH]c(Cl)c1Cl.NC(=O)C1=CN([C@@H]2O[C@H](COP(=O)(O)OP(=O)(O)OC[C@H]3O[C@@H](n4cnc5c(N)ncnc54)[C@H](OP(=O)(O)O)[C@@H]3O)[C@@H](O)[C@H]2O)C=CC1,CCC(O)(CC(=O)O)C(O)=Cc1c[nH]c(Cl)c1Cl.NC(=O)c1ccc[n+]([C@@H]2O[C@H](COP(=O)(O)OP(=O)(O)OC[C@H]3O[C@@H](n4cnc5c(N)ncnc54)[C@H](OP(=O)(O)O)[C@@H]3O)[C@@H](O)[C@H]2O)c1,CC[C@H](C(=O)O)C(=O)C(O)=Cc1c[nH]c(Cl)c1Cl.NC(=O)C1=CN([C@@H]2O[C@H](COP(=O)(O)OP(=O)(O)OC[C@H]3O[C@@H](n4cnc5c(N)ncnc54)[C@H](OP(=O)(O)O)[C@@H]3O)[C@@H](O)[C@H]2O)C=CC1 >> CCC(O)(CC(=O)O)C(O)=Cc1c[nH]c(Cl)c1Cl.NC(=O)c1ccc[n+]([C@@H]2O[C@H](COP(=O)(O)OP(=O)(O)OC[C@H]3O[C@@H](n4cnc5c(N)ncnc54)[C@H](OP(=O)(O)O)[C@@H]3O)[C@@H](O)[C@H]2O)c1,rule0348_1,CC[C@H](C(=O)O)C(=O)C(O)=Cc1c[nH]c(Cl)c1Cl.NC(=O)C1=CN([C@@H]2O[C@H](COP(=O)(O)OP(=O)(O)OC[C@H]3O[C@@H](n4cnc5c(N)ncnc54)[C@H](OP(=O)(O)O)[C@@H]3O)[C@@H](O)[C@H]2O)C=CC1>>CCC(O)(CC(=O)O)C(O)=Cc1c[nH]c(Cl)c1Cl.NC(=O)c1ccc[n+]([C@@H]2O[C@H](COP(=O)(O)OP(=O)(O)OC[C@H]3O[C@@H](n4cnc5c(N)ncnc54)[C@H](OP(=O)(O)O)[C@@H]3O)[C@@H](O)[C@H]2O)c1,0.93894005,1,0.95365113,1,0.68876386,1,0.73556185,1
CC[C@@H]1C(=O)OC(=C(C)c2c[nH]c(Cl)c2Cl)C1=O.O,CC(=C1OC(O)[C@@H](CCO)C1=O)c1c[nH]c(Cl)c1Cl,CC[C@@H]1C(=O)OC(=C(C)c2c[nH]c(Cl)c2Cl)C1=O.O >> CC(=C1OC(O)[C@@H](CCO)C1=O)c1c[nH]c(Cl)c1Cl,rule0070_6,CC[C@@H]1C(=O)OC(=C(C)c2c[nH]c(Cl)c2Cl)C1=O.O>>CC(=C1OC(O)[C@@H](CCO)C1=O)c1c[nH]c(Cl)c1Cl,7.379359e-05,0,0.018334903,0,0.03293377,0,0.0020072677,0
CC(O)[C@@H]1C(=O)OC(=Cc2c[nH]c(Cl)c2Cl)C1=O.NC(=O)C1=CN([C@@H]2O[C@H](COP(=O)(O)OP(=O)(O)OC[C@H]3O[C@@H](n4cnc5c(N)ncnc54)[C@H](OP(=O)(O)O)[C@@H]3O)[C@@H](O)[C@H]2O)C=CC1.O=O,CC(=O)[C@@H]1C(=O)OC(=Cc2c[nH]c(Cl)c2Cl)C1=O.NC(=O)c1ccc[n+]([C@@H]2O[C@H](COP(=O)(O)OP(=O)(O)OC[C@H]3O[C@@H](n4cnc5c(N)ncnc54)[C@H](OP(=O)(O)O)[C@@H]3O)[C@@H](O)[C@H]2O)c1.O.O,CC(O)[C@@H]1C(=O)OC(=Cc2c[nH]c(Cl)c2Cl)C1=O.NC(=O)C1=CN([C@@H]2O[C@H](COP(=O)(O)OP(=O)(O)OC[C@H]3O[C@@H](n4cnc5c(N)ncnc54)[C@H](OP(=O)(O)O)[C@@H]3O)[C@@H](O)[C@H]2O)C=CC1.O=O >> CC(=O)[C@@H]1C(=O)OC(=Cc2c[nH]c(Cl)c2Cl)C1=O.NC(=O)c1ccc[n+]([C@@H]2O[C@H](COP(=O)(O)OP(=O)(O)OC[C@H]3O[C@@H](n4cnc5c(N)ncnc54)[C@H](OP(=O)(O)O)[C@@H]3O)[C@@H](O)[C@H]2O)c1.O.O,rule0073_5,CC(O)[C@@H]1C(=O)OC(=Cc2c[nH]c(Cl)c2Cl)C1=O.NC(=O)C1=CN([C@@H]2O[C@H](COP(=O)(O)OP(=O)(O)OC[C@H]3O[C@@H](n4cnc5c(N)ncnc54)[C@H](OP(=O)(O)O)[C@@H]3O)[C@@H](O)[C@H]2O)C=CC1.O=O>>CC(=O)[C@@H]1C(=O)OC(=Cc2c[nH]c(Cl)c2Cl)C1=O.NC(=O)c1ccc[n+]([C@@H]2O[C@H](COP(=O)(O)OP(=O)(O)OC[C@H]3O[C@@H](n4cnc5c(N)ncnc54)[C@H](OP(=O)(O)O)[C@@H]3O)[C@@H](O)[C@H]2O)c1.O.O,0.057342466,0,0.48872474,0,0.28755262,0,0.6395738,0
CC(C(=O)O)[C@@H]1C(=O)OC(=Cc2c[nH]c(Cl)c2Cl)C1=O.NC(=O)C1=CN([C@@H]2O[C@H](COP(=O)(O)OP(=O)(O)OC[C@H]3O[C@@H](n4cnc5c(N)ncnc54)[C@H](OP(=O)(O)O)[C@@H]3O)[C@@H](O)[C@H]2O)C=CC1.NC(=O)C1=CN([C@@H]2O[C@H](COP(=O)(O)OP(=O)(O)OC[C@H]3O[C@@H](n4cnc5c(N)ncnc54)[C@H](OP(=O)(O)O)[C@@H]3O)[C@@H](O)[C@H]2O)C=CC1,CC(CO)[C@@H]1C(=O)OC(=Cc2c[nH]c(Cl)c2Cl)C1=O.NC(=O)c1ccc[n+]([C@@H]2O[C@H](COP(=O)(O)OP(=O)(O)OC[C@H]3O[C@@H](n4cnc5c(N)ncnc54)[C@H](OP(=O)(O)O)[C@@H]3O)[C@@H](O)[C@H]2O)c1.NC(=O)c1ccc[n+]([C@@H]2O[C@H](COP(=O)(O)OP(=O)(O)OC[C@H]3O[C@@H](n4cnc5c(N)ncnc54)[C@H](OP(=O)(O)O)[C@@H]3O)[C@@H](O)[C@H]2O)c1.O,CC(C(=O)O)[C@@H]1C(=O)OC(=Cc2c[nH]c(Cl)c2Cl)C1=O.NC(=O)C1=CN([C@@H]2O[C@H](COP(=O)(O)OP(=O)(O)OC[C@H]3O[C@@H](n4cnc5c(N)ncnc54)[C@H](OP(=O)(O)O)[C@@H]3O)[C@@H](O)[C@H]2O)C=CC1.NC(=O)C1=CN([C@@H]2O[C@H](COP(=O)(O)OP(=O)(O)OC[C@H]3O[C@@H](n4cnc5c(N)ncnc54)[C@H](OP(=O)(O)O)[C@@H]3O)[C@@H](O)[C@H]2O)C=CC1 >> CC(CO)[C@@H]1C(=O)OC(=Cc2c[nH]c(Cl)c2Cl)C1=O.NC(=O)c1ccc[n+]([C@@H]2O[C@H](COP(=O)(O)OP(=O)(O)OC[C@H]3O[C@@H](n4cnc5c(N)ncnc54)[C@H](OP(=O)(O)O)[C@@H]3O)[C@@H](O)[C@H]2O)c1.NC(=O)c1ccc[n+]([C@@H]2O[C@H](COP(=O)(O)OP(=O)(O)OC[C@H]3O[C@@H](n4cnc5c(N)ncnc54)[C@H](OP(=O)(O)O)[C@@H]3O)[C@@H](O)[C@H]2O)c1.O,rule0164_2,CC(C(=O)O)[C@@H]1C(=O)OC(=Cc2c[nH]c(Cl)c2Cl)C1=O.NC(=O)C1=CN([C@@H]2O[C@H](COP(=O)(O)OP(=O)(O)OC[C@H]3O[C@@H](n4cnc5c(N)ncnc54)[C@H](OP(=O)(O)O)[C@@H]3O)[C@@H](O)[C@H]2O)C=CC1.NC(=O)C1=CN([C@@H]2O[C@H](COP(=O)(O)OP(=O)(O)OC[C@H]3O[C@@H](n4cnc5c(N)ncnc54)[C@H](OP(=O)(O)O)[C@@H]3O)[C@@H](O)[C@H]2O)C=CC1>>CC(CO)[C@@H]1C(=O)OC(=Cc2c[nH]c(Cl)c2Cl)C1=O.NC(=O)c1ccc[n+]([C@@H]2O[C@H](COP(=O)(O)OP(=O)(O)OC[C@H]3O[C@@H](n4cnc5c(N)ncnc54)[C@H](OP(=O)(O)O)[C@@H]3O)[C@@H](O)[C@H]2O)c1.NC(=O)c1ccc[n+]([C@@H]2O[C@H](COP(=O)(O)OP(=O)(O)OC[C@H]3O[C@@H](n4cnc5c(N)ncnc54)[C@H](OP(=O)(O)O)[C@@H]3O)[C@@H](O)[C@H]2O)c1.O,0.07262084,0,0.04867221,0,0.71647114,1,0.7861537,1
CC[C@H](C(=O)O)C(=O)C(O)=Cc1c[nH]c(Cl)c1Cl,O=C(O)CCCC(=O)C(O)=Cc1c[nH]c(Cl)c1Cl,CC[C@H](C(=O)O)C(=O)C(O)=Cc1c[nH]c(Cl)c1Cl >> O=C(O)CCCC(=O)C(O)=Cc1c[nH]c(Cl)c1Cl,rule0028_47,CC[C@H](C(=O)O)C(=O)C(O)=Cc1c[nH]c(Cl)c1Cl>>O=C(O)CCCC(=O)C(O)=Cc1c[nH]c(Cl)c1Cl,0.46533382,0,0.93843734,1,0.16983077,0,0.6043973,0
O=C1OC(=Cc2c[nH]c(Cl)c2Cl)C(O)[C@@H]1CCO,C=O.C[C@@H]1C(=O)OC(=Cc2c[nH]c(Cl)c2Cl)C1O,O=C1OC(=Cc2c[nH]c(Cl)c2Cl)C(O)[C@@H]1CCO >> C=O.C[C@@H]1C(=O)OC(=Cc2c[nH]c(Cl)c2Cl)C1O,rule0053_20,O=C1OC(=Cc2c[nH]c(Cl)c2Cl)C(O)[C@@H]1CCO>>C=O.C[C@@H]1C(=O)OC(=Cc2c[nH]c(Cl)c2Cl)C1O,0.7869706,1,0.839089,1,0.53792334,0,0.83201075,1
O=C(O)CC[C@@H]1C(=O)OC(=Cc2c[nH]c(Cl)c2Cl)C1=O.OO,O=C1OC(=Cc2c[nH]c(Cl)c2Cl)C(=O)[C@@H]1CCC(O)O.O=O,O=C(O)CC[C@@H]1C(=O)OC(=Cc2c[nH]c(Cl)c2Cl)C1=O.OO >> O=C1OC(=Cc2c[nH]c(Cl)c2Cl)C(=O)[C@@H]1CCC(O)O.O=O,rule0078_14,O=C(O)CC[C@@H]1C(=O)OC(=Cc2c[nH]c(Cl)c2Cl)C1=O.OO>>O=C1OC(=Cc2c[nH]c(Cl)c2Cl)C(=O)[C@@H]1CCC(O)O.O=O,6.3801617e-06,0,3.6996877e-07,0,0.001001634,0,0.0019865562,0
CC(=C1OC(=O)[C@@H](C)C1=O)c1c[nH]c(Cl)c1Cl,Cc1[nH]c(Cl)c(Cl)c1C=C1OC(=O)[C@@H](C)C1=O,CC(=C1OC(=O)[C@@H](C)C1=O)c1c[nH]c(Cl)c1Cl >> Cc1[nH]c(Cl)c(Cl)c1C=C1OC(=O)[C@@H](C)C1=O,rule0028_51,CC(=C1OC(=O)[C@@H](C)C1=O)c1c[nH]c(Cl)c1Cl>>Cc1[nH]c(Cl)c(Cl)c1C=C1OC(=O)[C@@H](C)C1=O,0.0002837394,0,0.2491981,0,0.2623341,0,0.105698004,0
CCc1[nH]c(Cl)c(Cl)c1C=C1OC(=O)CC1=O.C[S+](CC[C@H](N)C(=O)O)C[C@H]1O[C@@H](n2cnc3c(N)ncnc32)[C@H](O)[C@@H]1O,CCCc1[nH]c(Cl)c(Cl)c1C=C1OC(=O)CC1=O.Nc1ncnc2c1ncn2[C@@H]1O[C@H](CSCC[C@H](N)C(=O)O)[C@@H](O)[C@H]1O,CCc1[nH]c(Cl)c(Cl)c1C=C1OC(=O)CC1=O.C[S+](CC[C@H](N)C(=O)O)C[C@H]1O[C@@H](n2cnc3c(N)ncnc32)[C@H](O)[C@@H]1O >> CCCc1[nH]c(Cl)c(Cl)c1C=C1OC(=O)CC1=O.Nc1ncnc2c1ncn2[C@@H]1O[C@H](CSCC[C@H](N)C(=O)O)[C@@H](O)[C@H]1O,rule0043_12,CCc1[nH]c(Cl)c(Cl)c1C=C1OC(=O)CC1=O.C[S+](CC[C@H](N)C(=O)O)C[C@H]1O[C@@H](n2cnc3c(N)ncnc32)[C@H](O)[C@@H]1O>>CCCc1[nH]c(Cl)c(Cl)c1C=C1OC(=O)CC1=O.Nc1ncnc2c1ncn2[C@@H]1O[C@H](CSCC[C@H](N)C(=O)O)[C@@H](O)[C@H]1O,0.9015804,1,0.91103876,1,0.08606322,0,0.30503857,0
O=C1OC(=Cc2c[nH]c(Cl)c2Cl)C(=O)[C@@H]1CCO,C[C@@]1(CO)C(=O)OC(=Cc2c[nH]c(Cl)c2Cl)C1=O,O=C1OC(=Cc2c[nH]c(Cl)c2Cl)C(=O)[C@@H]1CCO >> C[C@@]1(CO)C(=O)OC(=Cc2c[nH]c(Cl)c2Cl)C1=O,rule0028_50,O=C1OC(=Cc2c[nH]c(Cl)c2Cl)C(=O)[C@@H]1CCO>>C[C@@]1(CO)C(=O)OC(=Cc2c[nH]c(Cl)c2Cl)C1=O,0.05801009,0,0.36510098,0,0.21236573,0,0.27536368,0
O=C1C(=Cc2c[nH]c(Cl)c2Cl)OC(O)[C@H]1CCO,O=C1CC(O)(CCO)OC1=Cc1c[nH]c(Cl)c1Cl,O=C1C(=Cc2c[nH]c(Cl)c2Cl)OC(O)[C@H]1CCO >> O=C1CC(O)(CCO)OC1=Cc1c[nH]c(Cl)c1Cl,rule0028_51,O=C1C(=Cc2c[nH]c(Cl)c2Cl)OC(O)[C@H]1CCO>>O=C1CC(O)(CCO)OC1=Cc1c[nH]c(Cl)c1Cl,0.015435874,0,0.12056292,0,0.027947383,0,0.041074865,0
CC[C@H](C(=O)O)C(=O)C(O)=Cc1c[nH]c(Cl)c1Cl,CC1OC(=Cc2c[nH]c(Cl)c2Cl)C(O)[C@H]1C(=O)O,CC[C@H](C(=O)O)C(=O)C(O)=Cc1c[nH]c(Cl)c1Cl >> CC1OC(=Cc2c[nH]c(Cl)c2Cl)C(O)[C@H]1C(=O)O,rule0169_1,CC[C@H](C(=O)O)C(=O)C(O)=Cc1c[nH]c(Cl)c1Cl>>CC1OC(=Cc2c[nH]c(Cl)c2Cl)C(O)[C@H]1C(=O)O,0.10102116,0,0.26482394,0,0.58865565,0,0.12825511,0
CC(=C1OC(=O)[C@@H](C)C1=O)c1c[nH]c(Cl)c1Cl.CC(=C1OC(=O)[C@@H](C)C1=O)c1c[nH]c(Cl)c1Cl,CCC(=C1OC(=O)[C@@H](C)C1=O)c1c[nH]c(Cl)c1Cl.C[C@@H]1C(=O)OC(=Cc2c[nH]c(Cl)c2Cl)C1=O,CC(=C1OC(=O)[C@@H](C)C1=O)c1c[nH]c(Cl)c1Cl.CC(=C1OC(=O)[C@@H](C)C1=O)c1c[nH]c(Cl)c1Cl >> CCC(=C1OC(=O)[C@@H](C)C1=O)c1c[nH]c(Cl)c1Cl.C[C@@H]1C(=O)OC(=Cc2c[nH]c(Cl)c2Cl)C1=O,rule0126_2,CC(=C1OC(=O)[C@@H](C)C1=O)c1c[nH]c(Cl)c1Cl.CC(=C1OC(=O)[C@@H](C)C1=O)c1c[nH]c(Cl)c1Cl>>CCC(=C1OC(=O)[C@@H](C)C1=O)c1c[nH]c(Cl)c1Cl.C[C@@H]1C(=O)OC(=Cc2c[nH]c(Cl)c2Cl)C1=O,0.028314954,0,0.002978817,0,0.033597205,0,0.40767968,0
CC[C@H](C(=O)O)C(=O)C(O)=Cc1c[nH]c(Cl)c1Cl.N.Nc1ncnc2c1ncn2[C@@H]1O[C@H](COP(=O)(O)OP(=O)(O)OP(=O)(O)O)[C@@H](O)[C@H]1O,CC[C@H](C(N)=O)C(=O)C(O)=Cc1c[nH]c(Cl)c1Cl.Nc1ncnc2c1ncn2[C@@H]1O[C@H](COP(=O)(O)O)[C@@H](O)[C@H]1O.O=P(O)(O)OP(=O)(O)O,CC[C@H](C(=O)O)C(=O)C(O)=Cc1c[nH]c(Cl)c1Cl.N.Nc1ncnc2c1ncn2[C@@H]1O[C@H](COP(=O)(O)OP(=O)(O)OP(=O)(O)O)[C@@H](O)[C@H]1O >> CC[C@H](C(N)=O)C(=O)C(O)=Cc1c[nH]c(Cl)c1Cl.Nc1ncnc2c1ncn2[C@@H]1O[C@H](COP(=O)(O)O)[C@@H](O)[C@H]1O.O=P(O)(O)OP(=O)(O)O,rule0386_2,CC[C@H](C(=O)O)C(=O)C(O)=Cc1c[nH]c(Cl)c1Cl.N.Nc1ncnc2c1ncn2[C@@H]1O[C@H](COP(=O)(O)OP(=O)(O)OP(=O)(O)O)[C@@H](O)[C@H]1O>>CC[C@H](C(N)=O)C(=O)C(O)=Cc1c[nH]c(Cl)c1Cl.Nc1ncnc2c1ncn2[C@@H]1O[C@H](COP(=O)(O)O)[C@@H](O)[C@H]1O.O=P(O)(O)OP(=O)(O)O,0.26290298,0,0.44858626,0,0.093850486,0,0.25902936,0
CC(O)[C@@H]1C(=O)OC(=Cc2c[nH]c(Cl)c2Cl)C1O.O,CC(O)[C@H](C(=O)O)C(O)C(O)=Cc1c[nH]c(Cl)c1Cl,CC(O)[C@@H]1C(=O)OC(=Cc2c[nH]c(Cl)c2Cl)C1O.O >> CC(O)[C@H](C(=O)O)C(O)C(O)=Cc1c[nH]c(Cl)c1Cl,rule0035_7,CC(O)[C@@H]1C(=O)OC(=Cc2c[nH]c(Cl)c2Cl)C1O.O>>CC(O)[C@H](C(=O)O)C(O)C(O)=Cc1c[nH]c(Cl)c1Cl,0.3855579,0,0.7416848,1,0.9403576,1,0.77277553,1
O=C(O)CC[C@@H]1C(=O)OC(=Cc2c[nH]c(Cl)c2Cl)C1=O,CC[C@@H]1C(=O)OC(=C(C(=O)O)c2c[nH]c(Cl)c2Cl)C1=O,O=C(O)CC[C@@H]1C(=O)OC(=Cc2c[nH]c(Cl)c2Cl)C1=O >> CC[C@@H]1C(=O)OC(=C(C(=O)O)c2c[nH]c(Cl)c2Cl)C1=O,rule0028_50,O=C(O)CC[C@@H]1C(=O)OC(=Cc2c[nH]c(Cl)c2Cl)C1=O>>CC[C@@H]1C(=O)OC(=C(C(=O)O)c2c[nH]c(Cl)c2Cl)C1=O,0.58762306,1,0.28641862,0,0.84931195,1,0.47410655,0
CCC(=C1OC(=O)CC1=O)c1c[nH]c(Cl)c1Cl.NC(=O)C1=CN([C@@H]2O[C@H](COP(=O)(O)OP(=O)(O)OC[C@H]3O[C@@H](n4cnc5c(N)ncnc54)[C@H](OP(=O)(O)O)[C@@H]3O)[C@@H](O)[C@H]2O)C=CC1.O=O,CC(O)C(=C1OC(=O)CC1=O)c1c[nH]c(Cl)c1Cl.NC(=O)c1ccc[n+]([C@@H]2O[C@H](COP(=O)(O)OP(=O)(O)OC[C@H]3O[C@@H](n4cnc5c(N)ncnc54)[C@H](OP(=O)(O)O)[C@@H]3O)[C@@H](O)[C@H]2O)c1.O,CCC(=C1OC(=O)CC1=O)c1c[nH]c(Cl)c1Cl.NC(=O)C1=CN([C@@H]2O[C@H](COP(=O)(O)OP(=O)(O)OC[C@H]3O[C@@H](n4cnc5c(N)ncnc54)[C@H](OP(=O)(O)O)[C@@H]3O)[C@@H](O)[C@H]2O)C=CC1.O=O >> CC(O)C(=C1OC(=O)CC1=O)c1c[nH]c(Cl)c1Cl.NC(=O)c1ccc[n+]([C@@H]2O[C@H](COP(=O)(O)OP(=O)(O)OC[C@H]3O[C@@H](n4cnc5c(N)ncnc54)[C@H](OP(=O)(O)O)[C@@H]3O)[C@@H](O)[C@H]2O)c1.O,rule0004_13,CCC(=C1OC(=O)CC1=O)c1c[nH]c(Cl)c1Cl.NC(=O)C1=CN([C@@H]2O[C@H](COP(=O)(O)OP(=O)(O)OC[C@H]3O[C@@H](n4cnc5c(N)ncnc54)[C@H](OP(=O)(O)O)[C@@H]3O)[C@@H](O)[C@H]2O)C=CC1.O=O>>CC(O)C(=C1OC(=O)CC1=O)c1c[nH]c(Cl)c1Cl.NC(=O)c1ccc[n+]([C@@H]2O[C@H](COP(=O)(O)OP(=O)(O)OC[C@H]3O[C@@H](n4cnc5c(N)ncnc54)[C@H](OP(=O)(O)O)[C@@H]3O)[C@@H](O)[C@H]2O)c1.O,0.12582164,0,0.19339265,0,0.8553832,1,0.90780026,1
CCC(=C1OC(=O)CC1=O)c1c[nH]c(Cl)c1Cl.NC(=O)C1=CN([C@@H]2O[C@H](COP(=O)(O)OP(=O)(O)OC[C@H]3O[C@@H](n4cnc5c(N)ncnc54)[C@H](OP(=O)(O)O)[C@@H]3O)[C@@H](O)[C@H]2O)C=CC1,CCC(c1c[nH]c(Cl)c1Cl)C1OC(=O)CC1=O.NC(=O)c1ccc[n+]([C@@H]2O[C@H](COP(=O)(O)OP(=O)(O)OC[C@H]3O[C@@H](n4cnc5c(N)ncnc54)[C@H](OP(=O)(O)O)[C@@H]3O)[C@@H](O)[C@H]2O)c1,CCC(=C1OC(=O)CC1=O)c1c[nH]c(Cl)c1Cl.NC(=O)C1=CN([C@@H]2O[C@H](COP(=O)(O)OP(=O)(O)OC[C@H]3O[C@@H](n4cnc5c(N)ncnc54)[C@H](OP(=O)(O)O)[C@@H]3O)[C@@H](O)[C@H]2O)C=CC1 >> CCC(c1c[nH]c(Cl)c1Cl)C1OC(=O)CC1=O.NC(=O)c1ccc[n+]([C@@H]2O[C@H](COP(=O)(O)OP(=O)(O)OC[C@H]3O[C@@H](n4cnc5c(N)ncnc54)[C@H](OP(=O)(O)O)[C@@H]3O)[C@@H](O)[C@H]2O)c1,rule0027_62,CCC(=C1OC(=O)CC1=O)c1c[nH]c(Cl)c1Cl.NC(=O)C1=CN([C@@H]2O[C@H](COP(=O)(O)OP(=O)(O)OC[C@H]3O[C@@H](n4cnc5c(N)ncnc54)[C@H](OP(=O)(O)O)[C@@H]3O)[C@@H](O)[C@H]2O)C=CC1>>CCC(c1c[nH]c(Cl)c1Cl)C1OC(=O)CC1=O.NC(=O)c1ccc[n+]([C@@H]2O[C@H](COP(=O)(O)OP(=O)(O)OC[C@H]3O[C@@H](n4cnc5c(N)ncnc54)[C@H](OP(=O)(O)O)[C@@H]3O)[C@@H](O)[C@H]2O)c1,0.80343163,1,0.98077893,1,0.94913125,1,0.9124317,1
CC(C(=O)O)[C@@H]1C(=O)OC(=Cc2c[nH]c(Cl)c2Cl)C1=O.Cl,CC(C(=O)Cl)[C@@H]1C(=O)OC(=Cc2c[nH]c(Cl)c2Cl)C1=O.O,CC(C(=O)O)[C@@H]1C(=O)OC(=Cc2c[nH]c(Cl)c2Cl)C1=O.Cl >> CC(C(=O)Cl)[C@@H]1C(=O)OC(=Cc2c[nH]c(Cl)c2Cl)C1=O.O,rule0183_6,CC(C(=O)O)[C@@H]1C(=O)OC(=Cc2c[nH]c(Cl)c2Cl)C1=O.Cl>>CC(C(=O)Cl)[C@@H]1C(=O)OC(=Cc2c[nH]c(Cl)c2Cl)C1=O.O,0.0017177754,0,0.052710637,0,0.44598022,0,0.16350295,0
CC[C@H](C(=O)O)C(=O)C(O)=Cc1c[nH]c(Cl)c1Cl,O=C1OCC[C@H]1C(O)C(O)=Cc1c[nH]c(Cl)c1Cl,CC[C@H](C(=O)O)C(=O)C(O)=Cc1c[nH]c(Cl)c1Cl >> O=C1OCC[C@H]1C(O)C(O)=Cc1c[nH]c(Cl)c1Cl,rule0169_1,CC[C@H](C(=O)O)C(=O)C(O)=Cc1c[nH]c(Cl)c1Cl>>O=C1OCC[C@H]1C(O)C(O)=Cc1c[nH]c(Cl)c1Cl,0.09254302,0,0.13419113,0,0.19664286,0,0.119701415,0
CCc1[nH]c(Cl)c(Cl)c1C=C1OC(=O)CC1=O,Cc1[nH]c(Cl)c(Cl)c1C=C1OC(=O)C(C)C1=O,CCc1[nH]c(Cl)c(Cl)c1C=C1OC(=O)CC1=O >> Cc1[nH]c(Cl)c(Cl)c1C=C1OC(=O)C(C)C1=O,rule0028_51,CCc1[nH]c(Cl)c(Cl)c1C=C1OC(=O)CC1=O>>Cc1[nH]c(Cl)c(Cl)c1C=C1OC(=O)C(C)C1=O,0.000759334,0,0.0039317156,0,0.28871545,0,0.0058455416,0
CC[C@H](C(=O)O)C(=O)C(O)=Cc1c[nH]c(Cl)c1Cl,CCCC(=O)C(O)=Cc1c(C(=O)O)[nH]c(Cl)c1Cl,CC[C@H](C(=O)O)C(=O)C(O)=Cc1c[nH]c(Cl)c1Cl >> CCCC(=O)C(O)=Cc1c(C(=O)O)[nH]c(Cl)c1Cl,rule0028_50,CC[C@H](C(=O)O)C(=O)C(O)=Cc1c[nH]c(Cl)c1Cl>>CCCC(=O)C(O)=Cc1c(C(=O)O)[nH]c(Cl)c1Cl,0.63188183,1,0.90449834,1,0.5434047,0,0.32905874,0
CC[C@H](C(=O)O)C(=O)C(O)=Cc1c[nH]c(Cl)c1Cl.NC(=O)C1=CN([C@@H]2O[C@H](COP(=O)(O)OP(=O)(O)OC[C@H]3O[C@@H](n4cnc5c(N)ncnc54)[C@H](OP(=O)(O)O)[C@@H]3O)[C@@H](O)[C@H]2O)C=CC1.O=O,NC(=O)c1ccc[n+]([C@@H]2O[C@H](COP(=O)(O)OP(=O)(O)OC[C@H]3O[C@@H](n4cnc5c(N)ncnc54)[C@H](OP(=O)(O)O)[C@@H]3O)[C@@H](O)[C@H]2O)c1.O.O=C(O)[C@@H](CCO)C(=O)C(O)=Cc1c[nH]c(Cl)c1Cl,CC[C@H](C(=O)O)C(=O)C(O)=Cc1c[nH]c(Cl)c1Cl.NC(=O)C1=CN([C@@H]2O[C@H](COP(=O)(O)OP(=O)(O)OC[C@H]3O[C@@H](n4cnc5c(N)ncnc54)[C@H](OP(=O)(O)O)[C@@H]3O)[C@@H](O)[C@H]2O)C=CC1.O=O >> NC(=O)c1ccc[n+]([C@@H]2O[C@H](COP(=O)(O)OP(=O)(O)OC[C@H]3O[C@@H](n4cnc5c(N)ncnc54)[C@H](OP(=O)(O)O)[C@@H]3O)[C@@H](O)[C@H]2O)c1.O.O=C(O)[C@@H](CCO)C(=O)C(O)=Cc1c[nH]c(Cl)c1Cl,rule0004_13,CC[C@H](C(=O)O)C(=O)C(O)=Cc1c[nH]c(Cl)c1Cl.NC(=O)C1=CN([C@@H]2O[C@H](COP(=O)(O)OP(=O)(O)OC[C@H]3O[C@@H](n4cnc5c(N)ncnc54)[C@H](OP(=O)(O)O)[C@@H]3O)[C@@H](O)[C@H]2O)C=CC1.O=O>>NC(=O)c1ccc[n+]([C@@H]2O[C@H](COP(=O)(O)OP(=O)(O)OC[C@H]3O[C@@H](n4cnc5c(N)ncnc54)[C@H](OP(=O)(O)O)[C@@H]3O)[C@@H](O)[C@H]2O)c1.O.O=C(O)[C@@H](CCO)C(=O)C(O)=Cc1c[nH]c(Cl)c1Cl,0.07535451,0,0.4365127,0,0.46573302,0,0.5257899,0
O=C1C(=Cc2c[nH]c(Cl)c2Cl)OC(O)[C@H]1CCO,C=O.C[C@H]1C(=O)C(=Cc2c[nH]c(Cl)c2Cl)OC1O,O=C1C(=Cc2c[nH]c(Cl)c2Cl)OC(O)[C@H]1CCO >> C=O.C[C@H]1C(=O)C(=Cc2c[nH]c(Cl)c2Cl)OC1O,rule0053_20,O=C1C(=Cc2c[nH]c(Cl)c2Cl)OC(O)[C@H]1CCO>>C=O.C[C@H]1C(=O)C(=Cc2c[nH]c(Cl)c2Cl)OC1O,0.21325326,0,0.57509357,1,0.7438924,1,0.91413057,1
CC(C)[C@@H]1C(=O)OC(=Cc2c[nH]c(Cl)c2Cl)C1=O,CC(C)c1[nH]c(Cl)c(Cl)c1C=C1OC(=O)CC1=O,CC(C)[C@@H]1C(=O)OC(=Cc2c[nH]c(Cl)c2Cl)C1=O >> CC(C)c1[nH]c(Cl)c(Cl)c1C=C1OC(=O)CC1=O,rule0028_51,CC(C)[C@@H]1C(=O)OC(=Cc2c[nH]c(Cl)c2Cl)C1=O>>CC(C)c1[nH]c(Cl)c(Cl)c1C=C1OC(=O)CC1=O,0.33568022,0,0.4966995,0,0.5190806,0,0.026130209,0
CC[C@H](C(=O)O)C(=O)C(O)=Cc1c[nH]c(Cl)c1Cl,CCCC(=O)C(O)=C(C(=O)O)c1c[nH]c(Cl)c1Cl,CC[C@H](C(=O)O)C(=O)C(O)=Cc1c[nH]c(Cl)c1Cl >> CCCC(=O)C(O)=C(C(=O)O)c1c[nH]c(Cl)c1Cl,rule0028_50,CC[C@H](C(=O)O)C(=O)C(O)=Cc1c[nH]c(Cl)c1Cl>>CCCC(=O)C(O)=C(C(=O)O)c1c[nH]c(Cl)c1Cl,0.91178083,1,0.86560297,1,0.5168392,0,0.5388709,0
CC[C@H](C(=O)O)C(=O)C(O)=Cc1c[nH]c(Cl)c1Cl,CC(C)(C(=O)O)C(=O)C(O)=Cc1c[nH]c(Cl)c1Cl,CC[C@H](C(=O)O)C(=O)C(O)=Cc1c[nH]c(Cl)c1Cl >> CC(C)(C(=O)O)C(=O)C(O)=Cc1c[nH]c(Cl)c1Cl,rule0028_46,CC[C@H](C(=O)O)C(=O)C(O)=Cc1c[nH]c(Cl)c1Cl>>CC(C)(C(=O)O)C(=O)C(O)=Cc1c[nH]c(Cl)c1Cl,0.007633496,0,0.07850291,0,0.061232302,0,0.015232591,0
CC(O)[C@H]1C(=O)C(=Cc2c[nH]c(Cl)c2Cl)OC1O,CC(O)C(=C1OC(O)CC1=O)c1c[nH]c(Cl)c1Cl,CC(O)[C@H]1C(=O)C(=Cc2c[nH]c(Cl)c2Cl)OC1O >> CC(O)C(=C1OC(O)CC1=O)c1c[nH]c(Cl)c1Cl,rule0028_50,CC(O)[C@H]1C(=O)C(=Cc2c[nH]c(Cl)c2Cl)OC1O>>CC(O)C(=C1OC(O)CC1=O)c1c[nH]c(Cl)c1Cl,0.03462331,0,0.012491823,0,0.19697958,0,0.498883,0
O=C(O)CC[C@@H]1C(=O)OC(=Cc2c[nH]c(Cl)c2Cl)C1=O.O=O,O.O=C=O.O=CC[C@@H]1C(=O)OC(=Cc2c[nH]c(Cl)c2Cl)C1=O,O=C(O)CC[C@@H]1C(=O)OC(=Cc2c[nH]c(Cl)c2Cl)C1=O.O=O >> O.O=C=O.O=CC[C@@H]1C(=O)OC(=Cc2c[nH]c(Cl)c2Cl)C1=O,rule0352_2,O=C(O)CC[C@@H]1C(=O)OC(=Cc2c[nH]c(Cl)c2Cl)C1=O.O=O>>O.O=C=O.O=CC[C@@H]1C(=O)OC(=Cc2c[nH]c(Cl)c2Cl)C1=O,0.23011546,0,0.0033939662,0,0.87142533,1,0.94456625,1
CC[C@H](C(=O)O)C(=O)C(O)=Cc1c[nH]c(Cl)c1Cl.NC(=O)C1=CN([C@@H]2O[C@H](COP(=O)(O)OP(=O)(O)OC[C@H]3O[C@@H](n4cnc5c(N)ncnc54)[C@H](OP(=O)(O)O)[C@@H]3O)[C@@H](O)[C@H]2O)C=CC1,CC[C@H](C(=O)O)C(O)C(O)=Cc1c[nH]c(Cl)c1Cl.NC(=O)c1ccc[n+]([C@@H]2O[C@H](COP(=O)(O)OP(=O)(O)OC[C@H]3O[C@@H](n4cnc5c(N)ncnc54)[C@H](OP(=O)(O)O)[C@@H]3O)[C@@H](O)[C@H]2O)c1,CC[C@H](C(=O)O)C(=O)C(O)=Cc1c[nH]c(Cl)c1Cl.NC(=O)C1=CN([C@@H]2O[C@H](COP(=O)(O)OP(=O)(O)OC[C@H]3O[C@@H](n4cnc5c(N)ncnc54)[C@H](OP(=O)(O)O)[C@@H]3O)[C@@H](O)[C@H]2O)C=CC1 >> CC[C@H](C(=O)O)C(O)C(O)=Cc1c[nH]c(Cl)c1Cl.NC(=O)c1ccc[n+]([C@@H]2O[C@H](COP(=O)(O)OP(=O)(O)OC[C@H]3O[C@@H](n4cnc5c(N)ncnc54)[C@H](OP(=O)(O)O)[C@@H]3O)[C@@H](O)[C@H]2O)c1,rule0003_153,CC[C@H](C(=O)O)C(=O)C(O)=Cc1c[nH]c(Cl)c1Cl.NC(=O)C1=CN([C@@H]2O[C@H](COP(=O)(O)OP(=O)(O)OC[C@H]3O[C@@H](n4cnc5c(N)ncnc54)[C@H](OP(=O)(O)O)[C@@H]3O)[C@@H](O)[C@H]2O)C=CC1>>CC[C@H](C(=O)O)C(O)C(O)=Cc1c[nH]c(Cl)c1Cl.NC(=O)c1ccc[n+]([C@@H]2O[C@H](COP(=O)(O)OP(=O)(O)OC[C@H]3O[C@@H](n4cnc5c(N)ncnc54)[C@H](OP(=O)(O)O)[C@@H]3O)[C@@H](O)[C@H]2O)c1,0.76971805,1,0.9647454,1,0.75162673,1,0.9086596,1
CC(O)[C@@H]1C(=O)OC(=Cc2c[nH]c(Cl)c2Cl)C1=O.O=O,CC(=O)[C@@H]1C(=O)OC(=Cc2c[nH]c(Cl)c2Cl)C1=O.OO,CC(O)[C@@H]1C(=O)OC(=Cc2c[nH]c(Cl)c2Cl)C1=O.O=O >> CC(=O)[C@@H]1C(=O)OC(=Cc2c[nH]c(Cl)c2Cl)C1=O.OO,rule0074_18,CC(O)[C@@H]1C(=O)OC(=Cc2c[nH]c(Cl)c2Cl)C1=O.O=O>>CC(=O)[C@@H]1C(=O)OC(=Cc2c[nH]c(Cl)c2Cl)C1=O.OO,0.0077441554,0,0.122399576,0,0.9209007,1,0.95407534,1
CC[C@H](C(=O)O)C(=O)C(O)=Cc1c[nH]c(Cl)c1Cl,CC[C@@H]1C(=O)OC1(O)C(O)=Cc1c[nH]c(Cl)c1Cl,CC[C@H](C(=O)O)C(=O)C(O)=Cc1c[nH]c(Cl)c1Cl >> CC[C@@H]1C(=O)OC1(O)C(O)=Cc1c[nH]c(Cl)c1Cl,rule0063_1,CC[C@H](C(=O)O)C(=O)C(O)=Cc1c[nH]c(Cl)c1Cl>>CC[C@@H]1C(=O)OC1(O)C(O)=Cc1c[nH]c(Cl)c1Cl,0.01966183,0,0.10892559,0,0.05570137,0,0.016128013,0
CC(O)[C@H]1C(=O)C(=Cc2c[nH]c(Cl)c2Cl)OC1O.CC(O)[C@H]1C(=O)C(=Cc2c[nH]c(Cl)c2Cl)OC1O,CC(O)[C@H]1C(=O)C(=Cc2c[nH]c(Cl)c2Cl)OC1(C)O.O=C1C(=Cc2c[nH]c(Cl)c2Cl)OC(O)[C@H]1CO,CC(O)[C@H]1C(=O)C(=Cc2c[nH]c(Cl)c2Cl)OC1O.CC(O)[C@H]1C(=O)C(=Cc2c[nH]c(Cl)c2Cl)OC1O >> CC(O)[C@H]1C(=O)C(=Cc2c[nH]c(Cl)c2Cl)OC1(C)O.O=C1C(=Cc2c[nH]c(Cl)c2Cl)OC(O)[C@H]1CO,rule0126_2,CC(O)[C@H]1C(=O)C(=Cc2c[nH]c(Cl)c2Cl)OC1O.CC(O)[C@H]1C(=O)C(=Cc2c[nH]c(Cl)c2Cl)OC1O>>CC(O)[C@H]1C(=O)C(=Cc2c[nH]c(Cl)c2Cl)OC1(C)O.O=C1C(=Cc2c[nH]c(Cl)c2Cl)OC(O)[C@H]1CO,0.024345443,0,0.011918065,0,0.0019430863,0,0.054216772,0
CC[C@@H]1C(=O)OC(=Cc2c[nH]c(Cl)c2Cl)C1=O.O=C=O,O=C(O)CC[C@@H]1C(=O)OC(=Cc2c[nH]c(Cl)c2Cl)C1=O,CC[C@@H]1C(=O)OC(=Cc2c[nH]c(Cl)c2Cl)C1=O.O=C=O >> O=C(O)CC[C@@H]1C(=O)OC(=Cc2c[nH]c(Cl)c2Cl)C1=O,rule0023_20,CC[C@@H]1C(=O)OC(=Cc2c[nH]c(Cl)c2Cl)C1=O.O=C=O>>O=C(O)CC[C@@H]1C(=O)OC(=Cc2c[nH]c(Cl)c2Cl)C1=O,1.342699e-05,0,0.00028484256,0,0.0034752716,0,0.0021537705,0
CC(O)[C@@H]1C(=O)OC(=Cc2c[nH]c(Cl)c2Cl)C1=O,Cc1[nH]c(Cl)c(Cl)c1C=C1OC(=O)[C@@H](CO)C1=O,CC(O)[C@@H]1C(=O)OC(=Cc2c[nH]c(Cl)c2Cl)C1=O >> Cc1[nH]c(Cl)c(Cl)c1C=C1OC(=O)[C@@H](CO)C1=O,rule0028_51,CC(O)[C@@H]1C(=O)OC(=Cc2c[nH]c(Cl)c2Cl)C1=O>>Cc1[nH]c(Cl)c(Cl)c1C=C1OC(=O)[C@@H](CO)C1=O,0.0010815087,0,0.09212554,0,0.51369894,0,0.7106388,1
O=C1OC(=Cc2c[nH]c(Cl)c2Cl)C(O)[C@@H]1CCO,C[C@@H]1C(=O)OC(=Cc2c(CO)[nH]c(Cl)c2Cl)C1O,O=C1OC(=Cc2c[nH]c(Cl)c2Cl)C(O)[C@@H]1CCO >> C[C@@H]1C(=O)OC(=Cc2c(CO)[nH]c(Cl)c2Cl)C1O,rule0028_50,O=C1OC(=Cc2c[nH]c(Cl)c2Cl)C(O)[C@@H]1CCO>>C[C@@H]1C(=O)OC(=Cc2c(CO)[nH]c(Cl)c2Cl)C1O,0.0050620297,0,0.026036141,0,0.15262121,0,0.22976956,0
CC(=C1OC(=O)[C@@H](C)C1=O)c1c[nH]c(Cl)c1Cl.NC(=O)C1=CN([C@@H]2O[C@H](COP(=O)(O)OP(=O)(O)OC[C@H]3O[C@@H](n4cnc5c(N)ncnc54)[C@H](OP(=O)(O)O)[C@@H]3O)[C@@H](O)[C@H]2O)C=CC1.O=O,C[C@@H]1C(=O)OC2(OC2(C)c2c[nH]c(Cl)c2Cl)C1=O.NC(=O)c1ccc[n+]([C@@H]2O[C@H](COP(=O)(O)OP(=O)(O)OC[C@H]3O[C@@H](n4cnc5c(N)ncnc54)[C@H](OP(=O)(O)O)[C@@H]3O)[C@@H](O)[C@H]2O)c1.O,CC(=C1OC(=O)[C@@H](C)C1=O)c1c[nH]c(Cl)c1Cl.NC(=O)C1=CN([C@@H]2O[C@H](COP(=O)(O)OP(=O)(O)OC[C@H]3O[C@@H](n4cnc5c(N)ncnc54)[C@H](OP(=O)(O)O)[C@@H]3O)[C@@H](O)[C@H]2O)C=CC1.O=O >> C[C@@H]1C(=O)OC2(OC2(C)c2c[nH]c(Cl)c2Cl)C1=O.NC(=O)c1ccc[n+]([C@@H]2O[C@H](COP(=O)(O)OP(=O)(O)OC[C@H]3O[C@@H](n4cnc5c(N)ncnc54)[C@H](OP(=O)(O)O)[C@@H]3O)[C@@H](O)[C@H]2O)c1.O,rule0077_4,CC(=C1OC(=O)[C@@H](C)C1=O)c1c[nH]c(Cl)c1Cl.NC(=O)C1=CN([C@@H]2O[C@H](COP(=O)(O)OP(=O)(O)OC[C@H]3O[C@@H](n4cnc5c(N)ncnc54)[C@H](OP(=O)(O)O)[C@@H]3O)[C@@H](O)[C@H]2O)C=CC1.O=O>>C[C@@H]1C(=O)OC2(OC2(C)c2c[nH]c(Cl)c2Cl)C1=O.NC(=O)c1ccc[n+]([C@@H]2O[C@H](COP(=O)(O)OP(=O)(O)OC[C@H]3O[C@@H](n4cnc5c(N)ncnc54)[C@H](OP(=O)(O)O)[C@@H]3O)[C@@H](O)[C@H]2O)c1.O,0.22215094,0,0.09522955,0,0.31927556,0,0.087030955,0
CC(O)[C@@H]1C(=O)OC(=Cc2c[nH]c(Cl)c2Cl)C1=O.CC(O)[C@@H]1C(=O)OC(=Cc2c[nH]c(Cl)c2Cl)C1=O,Cc1[nH]c(Cl)c(Cl)c1C=C1OC(=O)[C@@H](C(C)O)C1=O.O=C1OC(=Cc2c[nH]c(Cl)c2Cl)C(=O)[C@@H]1CO,CC(O)[C@@H]1C(=O)OC(=Cc2c[nH]c(Cl)c2Cl)C1=O.CC(O)[C@@H]1C(=O)OC(=Cc2c[nH]c(Cl)c2Cl)C1=O >> Cc1[nH]c(Cl)c(Cl)c1C=C1OC(=O)[C@@H](C(C)O)C1=O.O=C1OC(=Cc2c[nH]c(Cl)c2Cl)C(=O)[C@@H]1CO,rule0126_2,CC(O)[C@@H]1C(=O)OC(=Cc2c[nH]c(Cl)c2Cl)C1=O.CC(O)[C@@H]1C(=O)OC(=Cc2c[nH]c(Cl)c2Cl)C1=O>>Cc1[nH]c(Cl)c(Cl)c1C=C1OC(=O)[C@@H](C(C)O)C1=O.O=C1OC(=Cc2c[nH]c(Cl)c2Cl)C(=O)[C@@H]1CO,0.000111047535,0,0.00030074306,0,0.0013593852,0,0.6354622,0
O=C1OC(=Cc2c[nH]c(Cl)c2Cl)C(O)[C@@H]1CCO,CC[C@@H]1C(=O)OC(=Cc2c[nH]c(Cl)c2Cl)C1=O.O,O=C1OC(=Cc2c[nH]c(Cl)c2Cl)C(O)[C@@H]1CCO >> CC[C@@H]1C(=O)OC(=Cc2c[nH]c(Cl)c2Cl)C1=O.O,rule0071_5,O=C1OC(=Cc2c[nH]c(Cl)c2Cl)C(O)[C@@H]1CCO>>CC[C@@H]1C(=O)OC(=Cc2c[nH]c(Cl)c2Cl)C1=O.O,0.11476507,0,0.8149948,1,0.5028262,0,0.92641234,1
CC(O)[C@@H]1C(=O)OC(=Cc2c[nH]c(Cl)c2Cl)C1O,Cc1[nH]c(Cl)c(Cl)c1C=C1OC(=O)[C@@H](CO)C1O,CC(O)[C@@H]1C(=O)OC(=Cc2c[nH]c(Cl)c2Cl)C1O >> Cc1[nH]c(Cl)c(Cl)c1C=C1OC(=O)[C@@H](CO)C1O,rule0028_51,CC(O)[C@@H]1C(=O)OC(=Cc2c[nH]c(Cl)c2Cl)C1O>>Cc1[nH]c(Cl)c(Cl)c1C=C1OC(=O)[C@@H](CO)C1O,0.010470978,0,0.7194539,1,0.08661875,0,0.15825747,0
CCC(=C1OC(=O)CC1=O)c1c[nH]c(Cl)c1Cl.NC(=O)C1=CN([C@@H]2O[C@H](COP(=O)(O)OP(=O)(O)OC[C@H]3O[C@@H](n4cnc5c(N)ncnc54)[C@H](OP(=O)(O)O)[C@@H]3O)[C@@H](O)[C@H]2O)C=CC1.O=O,CCC1(c2c[nH]c(Cl)c2Cl)OC12OC(=O)CC2=O.NC(=O)c1ccc[n+]([C@@H]2O[C@H](COP(=O)(O)OP(=O)(O)OC[C@H]3O[C@@H](n4cnc5c(N)ncnc54)[C@H](OP(=O)(O)O)[C@@H]3O)[C@@H](O)[C@H]2O)c1.O,CCC(=C1OC(=O)CC1=O)c1c[nH]c(Cl)c1Cl.NC(=O)C1=CN([C@@H]2O[C@H](COP(=O)(O)OP(=O)(O)OC[C@H]3O[C@@H](n4cnc5c(N)ncnc54)[C@H](OP(=O)(O)O)[C@@H]3O)[C@@H](O)[C@H]2O)C=CC1.O=O >> CCC1(c2c[nH]c(Cl)c2Cl)OC12OC(=O)CC2=O.NC(=O)c1ccc[n+]([C@@H]2O[C@H](COP(=O)(O)OP(=O)(O)OC[C@H]3O[C@@H](n4cnc5c(N)ncnc54)[C@H](OP(=O)(O)O)[C@@H]3O)[C@@H](O)[C@H]2O)c1.O,rule0077_4,CCC(=C1OC(=O)CC1=O)c1c[nH]c(Cl)c1Cl.NC(=O)C1=CN([C@@H]2O[C@H](COP(=O)(O)OP(=O)(O)OC[C@H]3O[C@@H](n4cnc5c(N)ncnc54)[C@H](OP(=O)(O)O)[C@@H]3O)[C@@H](O)[C@H]2O)C=CC1.O=O>>CCC1(c2c[nH]c(Cl)c2Cl)OC12OC(=O)CC2=O.NC(=O)c1ccc[n+]([C@@H]2O[C@H](COP(=O)(O)OP(=O)(O)OC[C@H]3O[C@@H](n4cnc5c(N)ncnc54)[C@H](OP(=O)(O)O)[C@@H]3O)[C@@H](O)[C@H]2O)c1.O,0.16462329,0,0.03932977,0,0.8467298,1,0.0618687,0
O=C(O)CC[C@@H]1C(=O)OC(=Cc2c[nH]c(Cl)c2Cl)C1=O,C[C@@H]1C(=O)OC(=Cc2c(CC(=O)O)[nH]c(Cl)c2Cl)C1=O,O=C(O)CC[C@@H]1C(=O)OC(=Cc2c[nH]c(Cl)c2Cl)C1=O >> C[C@@H]1C(=O)OC(=Cc2c(CC(=O)O)[nH]c(Cl)c2Cl)C1=O,rule0028_46,O=C(O)CC[C@@H]1C(=O)OC(=Cc2c[nH]c(Cl)c2Cl)C1=O>>C[C@@H]1C(=O)OC(=Cc2c(CC(=O)O)[nH]c(Cl)c2Cl)C1=O,0.0009846212,0,0.00060371915,0,0.34944344,0,0.020030066,0
CC[C@H](C(=O)O)C(=O)C(O)=Cc1c[nH]c(Cl)c1Cl,CC1OC(=Cc2c[nH]c(Cl)c2Cl)C(=O)[C@H]1C(O)O,CC[C@H](C(=O)O)C(=O)C(O)=Cc1c[nH]c(Cl)c1Cl >> CC1OC(=Cc2c[nH]c(Cl)c2Cl)C(=O)[C@H]1C(O)O,rule0169_1,CC[C@H](C(=O)O)C(=O)C(O)=Cc1c[nH]c(Cl)c1Cl>>CC1OC(=Cc2c[nH]c(Cl)c2Cl)C(=O)[C@H]1C(O)O,0.003644925,0,0.092961766,0,0.0077005317,0,0.00037094773,0
O=C(O)CC[C@@H]1C(=O)OC(=Cc2c[nH]c(Cl)c2Cl)C1=O,C[C@@]1(CC(=O)O)C(=O)OC(=Cc2c[nH]c(Cl)c2Cl)C1=O,O=C(O)CC[C@@H]1C(=O)OC(=Cc2c[nH]c(Cl)c2Cl)C1=O >> C[C@@]1(CC(=O)O)C(=O)OC(=Cc2c[nH]c(Cl)c2Cl)C1=O,rule0028_46,O=C(O)CC[C@@H]1C(=O)OC(=Cc2c[nH]c(Cl)c2Cl)C1=O>>C[C@@]1(CC(=O)O)C(=O)OC(=Cc2c[nH]c(Cl)c2Cl)C1=O,0.020487066,0,0.04482782,0,0.40009165,0,0.097329736,0
O=C(O)CC[C@@H]1C(=O)OC(=Cc2c[nH]c(Cl)c2Cl)C1=O,O=C1OC(=Cc2c[nH]c(Cl)c2Cl)C(=O)[C@@]12CCC(O)O2,O=C(O)CC[C@@H]1C(=O)OC(=Cc2c[nH]c(Cl)c2Cl)C1=O >> O=C1OC(=Cc2c[nH]c(Cl)c2Cl)C(=O)[C@@]12CCC(O)O2,rule0169_1,O=C(O)CC[C@@H]1C(=O)OC(=Cc2c[nH]c(Cl)c2Cl)C1=O>>O=C1OC(=Cc2c[nH]c(Cl)c2Cl)C(=O)[C@@]12CCC(O)O2,0.0005230388,0,0.0011469601,0,0.0236357,0,0.017120924,0
CC(C(=O)O)[C@@H]1C(=O)OC(=Cc2c[nH]c(Cl)c2Cl)C1=O,O=C(O)CC[C@@H]1C(=O)OC(=Cc2c[nH]c(Cl)c2Cl)C1=O,CC(C(=O)O)[C@@H]1C(=O)OC(=Cc2c[nH]c(Cl)c2Cl)C1=O >> O=C(O)CC[C@@H]1C(=O)OC(=Cc2c[nH]c(Cl)c2Cl)C1=O,rule0028_50,CC(C(=O)O)[C@@H]1C(=O)OC(=Cc2c[nH]c(Cl)c2Cl)C1=O>>O=C(O)CC[C@@H]1C(=O)OC(=Cc2c[nH]c(Cl)c2Cl)C1=O,0.003690973,0,0.16011049,0,0.46686065,0,0.77680695,1
CC[C@H](C(=O)O)C(=O)C(O)=Cc1c[nH]c(Cl)c1Cl,CC[C@]1(C(=O)O)OC(=Cc2c[nH]c(Cl)c2Cl)C1O,CC[C@H](C(=O)O)C(=O)C(O)=Cc1c[nH]c(Cl)c1Cl >> CC[C@]1(C(=O)O)OC(=Cc2c[nH]c(Cl)c2Cl)C1O,rule0169_1,CC[C@H](C(=O)O)C(=O)C(O)=Cc1c[nH]c(Cl)c1Cl>>CC[C@]1(C(=O)O)OC(=Cc2c[nH]c(Cl)c2Cl)C1O,0.010254698,0,0.09786342,0,0.14680795,0,0.09506106,0
O=C1OC(=Cc2c[nH]c(Cl)c2Cl)C(=O)[C@@H]1CCO,C=O.C[C@@H]1C(=O)OC(=Cc2c[nH]c(Cl)c2Cl)C1=O,O=C1OC(=Cc2c[nH]c(Cl)c2Cl)C(=O)[C@@H]1CCO >> C=O.C[C@@H]1C(=O)OC(=Cc2c[nH]c(Cl)c2Cl)C1=O,rule0053_20,O=C1OC(=Cc2c[nH]c(Cl)c2Cl)C(=O)[C@@H]1CCO>>C=O.C[C@@H]1C(=O)OC(=Cc2c[nH]c(Cl)c2Cl)C1=O,0.067199424,0,0.73388886,1,0.37632197,0,0.80426264,1
CC[C@H](C(=O)O)C(=O)C(O)=Cc1c[nH]c(Cl)c1Cl.NC(=O)C1=CN([C@@H]2O[C@H](COP(=O)(O)OP(=O)(O)OC[C@H]3O[C@@H](n4cnc5c(N)ncnc54)[C@H](OP(=O)(O)O)[C@@H]3O)[C@@H](O)[C@H]2O)C=CC1,CC[C@@H](C(=O)C(O)=Cc1c[nH]c(Cl)c1Cl)C(O)O.NC(=O)c1ccc[n+]([C@@H]2O[C@H](COP(=O)(O)OP(=O)(O)OC[C@H]3O[C@@H](n4cnc5c(N)ncnc54)[C@H](OP(=O)(O)O)[C@@H]3O)[C@@H](O)[C@H]2O)c1,CC[C@H](C(=O)O)C(=O)C(O)=Cc1c[nH]c(Cl)c1Cl.NC(=O)C1=CN([C@@H]2O[C@H](COP(=O)(O)OP(=O)(O)OC[C@H]3O[C@@H](n4cnc5c(N)ncnc54)[C@H](OP(=O)(O)O)[C@@H]3O)[C@@H](O)[C@H]2O)C=CC1 >> CC[C@@H](C(=O)C(O)=Cc1c[nH]c(Cl)c1Cl)C(O)O.NC(=O)c1ccc[n+]([C@@H]2O[C@H](COP(=O)(O)OP(=O)(O)OC[C@H]3O[C@@H](n4cnc5c(N)ncnc54)[C@H](OP(=O)(O)O)[C@@H]3O)[C@@H](O)[C@H]2O)c1,rule0003_153,CC[C@H](C(=O)O)C(=O)C(O)=Cc1c[nH]c(Cl)c1Cl.NC(=O)C1=CN([C@@H]2O[C@H](COP(=O)(O)OP(=O)(O)OC[C@H]3O[C@@H](n4cnc5c(N)ncnc54)[C@H](OP(=O)(O)O)[C@@H]3O)[C@@H](O)[C@H]2O)C=CC1>>CC[C@@H](C(=O)C(O)=Cc1c[nH]c(Cl)c1Cl)C(O)O.NC(=O)c1ccc[n+]([C@@H]2O[C@H](COP(=O)(O)OP(=O)(O)OC[C@H]3O[C@@H](n4cnc5c(N)ncnc54)[C@H](OP(=O)(O)O)[C@@H]3O)[C@@H](O)[C@H]2O)c1,0.023018925,0,0.78498244,1,0.037525855,0,0.21632206,0
CCC[C@@H]1C(=O)OC(=Cc2c[nH]c(Cl)c2Cl)C1=O.NC(=O)C1=CN([C@@H]2O[C@H](COP(=O)(O)OP(=O)(O)OC[C@H]3O[C@@H](n4cnc5c(N)ncnc54)[C@H](OP(=O)(O)O)[C@@H]3O)[C@@H](O)[C@H]2O)C=CC1.O=O,NC(=O)c1ccc[n+]([C@@H]2O[C@H](COP(=O)(O)OP(=O)(O)OC[C@H]3O[C@@H](n4cnc5c(N)ncnc54)[C@H](OP(=O)(O)O)[C@@H]3O)[C@@H](O)[C@H]2O)c1.O.O=C1OC(=Cc2c[nH]c(Cl)c2Cl)C(=O)[C@@H]1CCCO,CCC[C@@H]1C(=O)OC(=Cc2c[nH]c(Cl)c2Cl)C1=O.NC(=O)C1=CN([C@@H]2O[C@H](COP(=O)(O)OP(=O)(O)OC[C@H]3O[C@@H](n4cnc5c(N)ncnc54)[C@H](OP(=O)(O)O)[C@@H]3O)[C@@H](O)[C@H]2O)C=CC1.O=O >> NC(=O)c1ccc[n+]([C@@H]2O[C@H](COP(=O)(O)OP(=O)(O)OC[C@H]3O[C@@H](n4cnc5c(N)ncnc54)[C@H](OP(=O)(O)O)[C@@H]3O)[C@@H](O)[C@H]2O)c1.O.O=C1OC(=Cc2c[nH]c(Cl)c2Cl)C(=O)[C@@H]1CCCO,rule0004_13,CCC[C@@H]1C(=O)OC(=Cc2c[nH]c(Cl)c2Cl)C1=O.NC(=O)C1=CN([C@@H]2O[C@H](COP(=O)(O)OP(=O)(O)OC[C@H]3O[C@@H](n4cnc5c(N)ncnc54)[C@H](OP(=O)(O)O)[C@@H]3O)[C@@H](O)[C@H]2O)C=CC1.O=O>>NC(=O)c1ccc[n+]([C@@H]2O[C@H](COP(=O)(O)OP(=O)(O)OC[C@H]3O[C@@H](n4cnc5c(N)ncnc54)[C@H](OP(=O)(O)O)[C@@H]3O)[C@@H](O)[C@H]2O)c1.O.O=C1OC(=Cc2c[nH]c(Cl)c2Cl)C(=O)[C@@H]1CCCO,0.0038637104,0,0.08229261,0,0.08696536,0,0.69529384,1
CC[C@H](C(=O)O)C(=O)C(O)=Cc1c[nH]c(Cl)c1Cl.O,CC[C@](O)(C(=O)C(O)=Cc1c[nH]c(Cl)c1Cl)C(O)O,CC[C@H](C(=O)O)C(=O)C(O)=Cc1c[nH]c(Cl)c1Cl.O >> CC[C@](O)(C(=O)C(O)=Cc1c[nH]c(Cl)c1Cl)C(O)O,rule0070_6,CC[C@H](C(=O)O)C(=O)C(O)=Cc1c[nH]c(Cl)c1Cl.O>>CC[C@](O)(C(=O)C(O)=Cc1c[nH]c(Cl)c1Cl)C(O)O,0.031939197,0,0.02361542,0,0.03991329,0,0.0047553354,0
O.O=C1OC(=Cc2c[nH]c(Cl)c2Cl)C(O)[C@@H]1CCO,OCC(O)[C@@H]1C(O)OC(=Cc2c[nH]c(Cl)c2Cl)C1O,O.O=C1OC(=Cc2c[nH]c(Cl)c2Cl)C(O)[C@@H]1CCO >> OCC(O)[C@@H]1C(O)OC(=Cc2c[nH]c(Cl)c2Cl)C1O,rule0070_6,O.O=C1OC(=Cc2c[nH]c(Cl)c2Cl)C(O)[C@@H]1CCO>>OCC(O)[C@@H]1C(O)OC(=Cc2c[nH]c(Cl)c2Cl)C1O,0.01640761,0,0.15223818,0,0.10742794,0,0.7516,1
CC(C(=O)O)[C@@H]1C(=O)OC(=Cc2c[nH]c(Cl)c2Cl)C1=O.N.Nc1ncnc2c1ncn2[C@@H]1O[C@H](COP(=O)(O)OP(=O)(O)OP(=O)(O)O)[C@@H](O)[C@H]1O,CC(C(N)=O)[C@@H]1C(=O)OC(=Cc2c[nH]c(Cl)c2Cl)C1=O.Nc1ncnc2c1ncn2[C@@H]1O[C@H](COP(=O)(O)O)[C@@H](O)[C@H]1O.O=P(O)(O)OP(=O)(O)O,CC(C(=O)O)[C@@H]1C(=O)OC(=Cc2c[nH]c(Cl)c2Cl)C1=O.N.Nc1ncnc2c1ncn2[C@@H]1O[C@H](COP(=O)(O)OP(=O)(O)OP(=O)(O)O)[C@@H](O)[C@H]1O >> CC(C(N)=O)[C@@H]1C(=O)OC(=Cc2c[nH]c(Cl)c2Cl)C1=O.Nc1ncnc2c1ncn2[C@@H]1O[C@H](COP(=O)(O)O)[C@@H](O)[C@H]1O.O=P(O)(O)OP(=O)(O)O,rule0386_2,CC(C(=O)O)[C@@H]1C(=O)OC(=Cc2c[nH]c(Cl)c2Cl)C1=O.N.Nc1ncnc2c1ncn2[C@@H]1O[C@H](COP(=O)(O)OP(=O)(O)OP(=O)(O)O)[C@@H](O)[C@H]1O>>CC(C(N)=O)[C@@H]1C(=O)OC(=Cc2c[nH]c(Cl)c2Cl)C1=O.Nc1ncnc2c1ncn2[C@@H]1O[C@H](COP(=O)(O)O)[C@@H](O)[C@H]1O.O=P(O)(O)OP(=O)(O)O,0.0022797848,0,0.00054869987,0,0.07107181,0,0.21020292,0
O.O=C1OC(=Cc2c[nH]c(Cl)c2Cl)C(=O)[C@@H]1CCO,O=C1C(=Cc2c[nH]c(Cl)c2Cl)OC(O)[C@H]1CC(O)O,O.O=C1OC(=Cc2c[nH]c(Cl)c2Cl)C(=O)[C@@H]1CCO >> O=C1C(=Cc2c[nH]c(Cl)c2Cl)OC(O)[C@H]1CC(O)O,rule0070_6,O.O=C1OC(=Cc2c[nH]c(Cl)c2Cl)C(=O)[C@@H]1CCO>>O=C1C(=Cc2c[nH]c(Cl)c2Cl)OC(O)[C@H]1CC(O)O,0.0019473687,0,0.43062386,0,0.6960066,1,0.076894775,0
CC(O)[C@@H]1C(=O)OC(=Cc2c[nH]c(Cl)c2Cl)C1=O.Cl,CC(Cl)[C@@H]1C(=O)OC(=Cc2c[nH]c(Cl)c2Cl)C1=O.O,CC(O)[C@@H]1C(=O)OC(=Cc2c[nH]c(Cl)c2Cl)C1=O.Cl >> CC(Cl)[C@@H]1C(=O)OC(=Cc2c[nH]c(Cl)c2Cl)C1=O.O,rule0183_6,CC(O)[C@@H]1C(=O)OC(=Cc2c[nH]c(Cl)c2Cl)C1=O.Cl>>CC(Cl)[C@@H]1C(=O)OC(=Cc2c[nH]c(Cl)c2Cl)C1=O.O,0.0045742136,0,0.66720504,1,0.8045939,1,0.783597,1
NC(=O)c1ccc[n+]([C@@H]2O[C@H](COP(=O)(O)OP(=O)(O)OC[C@H]3O[C@@H](n4cnc5c(N)ncnc54)[C@H](OP(=O)(O)O)[C@@H]3O)[C@@H](O)[C@H]2O)c1.NC(=O)c1ccc[n+]([C@@H]2O[C@H](COP(=O)(O)OP(=O)(O)OC[C@H]3O[C@@H](n4cnc5c(N)ncnc54)[C@H](OP(=O)(O)O)[C@@H]3O)[C@@H](O)[C@H]2O)c1.O.O=C1OC(=Cc2c[nH]c(Cl)c2Cl)C(=O)[C@@H]1CCO,NC(=O)C1=CN([C@@H]2O[C@H](COP(=O)(O)OP(=O)(O)OC[C@H]3O[C@@H](n4cnc5c(N)ncnc54)[C@H](OP(=O)(O)O)[C@@H]3O)[C@@H](O)[C@H]2O)C=CC1.NC(=O)C1=CN([C@@H]2O[C@H](COP(=O)(O)OP(=O)(O)OC[C@H]3O[C@@H](n4cnc5c(N)ncnc54)[C@H](OP(=O)(O)O)[C@@H]3O)[C@@H](O)[C@H]2O)C=CC1.O=C(O)C[C@@H]1C(=O)OC(=Cc2c[nH]c(Cl)c2Cl)C1=O,NC(=O)c1ccc[n+]([C@@H]2O[C@H](COP(=O)(O)OP(=O)(O)OC[C@H]3O[C@@H](n4cnc5c(N)ncnc54)[C@H](OP(=O)(O)O)[C@@H]3O)[C@@H](O)[C@H]2O)c1.NC(=O)c1ccc[n+]([C@@H]2O[C@H](COP(=O)(O)OP(=O)(O)OC[C@H]3O[C@@H](n4cnc5c(N)ncnc54)[C@H](OP(=O)(O)O)[C@@H]3O)[C@@H](O)[C@H]2O)c1.O.O=C1OC(=Cc2c[nH]c(Cl)c2Cl)C(=O)[C@@H]1CCO >> NC(=O)C1=CN([C@@H]2O[C@H](COP(=O)(O)OP(=O)(O)OC[C@H]3O[C@@H](n4cnc5c(N)ncnc54)[C@H](OP(=O)(O)O)[C@@H]3O)[C@@H](O)[C@H]2O)C=CC1.NC(=O)C1=CN([C@@H]2O[C@H](COP(=O)(O)OP(=O)(O)OC[C@H]3O[C@@H](n4cnc5c(N)ncnc54)[C@H](OP(=O)(O)O)[C@@H]3O)[C@@H](O)[C@H]2O)C=CC1.O=C(O)C[C@@H]1C(=O)OC(=Cc2c[nH]c(Cl)c2Cl)C1=O,rule0165_2,NC(=O)c1ccc[n+]([C@@H]2O[C@H](COP(=O)(O)OP(=O)(O)OC[C@H]3O[C@@H](n4cnc5c(N)ncnc54)[C@H](OP(=O)(O)O)[C@@H]3O)[C@@H](O)[C@H]2O)c1.NC(=O)c1ccc[n+]([C@@H]2O[C@H](COP(=O)(O)OP(=O)(O)OC[C@H]3O[C@@H](n4cnc5c(N)ncnc54)[C@H](OP(=O)(O)O)[C@@H]3O)[C@@H](O)[C@H]2O)c1.O.O=C1OC(=Cc2c[nH]c(Cl)c2Cl)C(=O)[C@@H]1CCO>>NC(=O)C1=CN([C@@H]2O[C@H](COP(=O)(O)OP(=O)(O)OC[C@H]3O[C@@H](n4cnc5c(N)ncnc54)[C@H](OP(=O)(O)O)[C@@H]3O)[C@@H](O)[C@H]2O)C=CC1.NC(=O)C1=CN([C@@H]2O[C@H](COP(=O)(O)OP(=O)(O)OC[C@H]3O[C@@H](n4cnc5c(N)ncnc54)[C@H](OP(=O)(O)O)[C@@H]3O)[C@@H](O)[C@H]2O)C=CC1.O=C(O)C[C@@H]1C(=O)OC(=Cc2c[nH]c(Cl)c2Cl)C1=O,0.0014735752,0,0.070560895,0,0.040834893,0,0.7881138,1
CC(O)[C@H]1C(=O)C(=Cc2c[nH]c(Cl)c2Cl)OC1O,C[C@@]1(CO)C(=O)C(=Cc2c[nH]c(Cl)c2Cl)OC1O,CC(O)[C@H]1C(=O)C(=Cc2c[nH]c(Cl)c2Cl)OC1O >> C[C@@]1(CO)C(=O)C(=Cc2c[nH]c(Cl)c2Cl)OC1O,rule0028_51,CC(O)[C@H]1C(=O)C(=Cc2c[nH]c(Cl)c2Cl)OC1O>>C[C@@]1(CO)C(=O)C(=Cc2c[nH]c(Cl)c2Cl)OC1O,0.0015235151,0,0.019260475,0,0.6509799,1,0.0823798,0
CC[C@@]1(C)C(=O)OC(=Cc2c[nH]c(Cl)c2Cl)C1=O,CC[C@]1(C)C(=O)OC(=Cc2c[nH]c(Cl)c2Cl)C1=O,CC[C@@]1(C)C(=O)OC(=Cc2c[nH]c(Cl)c2Cl)C1=O >> CC[C@]1(C)C(=O)OC(=Cc2c[nH]c(Cl)c2Cl)C1=O,rule0028_51,CC[C@@]1(C)C(=O)OC(=Cc2c[nH]c(Cl)c2Cl)C1=O>>CC[C@]1(C)C(=O)OC(=Cc2c[nH]c(Cl)c2Cl)C1=O,0.11592077,0,0.20845358,0,0.11881042,0,0.88803345,1
CC[C@H](C(=O)O)C(=O)C(O)=Cc1c[nH]c(Cl)c1Cl.NC(=O)C1=CN([C@@H]2O[C@H](COP(=O)(O)OP(=O)(O)OC[C@H]3O[C@@H](n4cnc5c(N)ncnc54)[C@H](OP(=O)(O)O)[C@@H]3O)[C@@H](O)[C@H]2O)C=CC1,CC[C@@H](C(=O)C(O)=Cc1c[nH]c(Cl)c1Cl)C(O)O.NC(=O)c1ccc[n+]([C@@H]2O[C@H](COP(=O)(O)OP(=O)(O)OC[C@H]3O[C@@H](n4cnc5c(N)ncnc54)[C@H](OP(=O)(O)O)[C@@H]3O)[C@@H](O)[C@H]2O)c1,CC[C@H](C(=O)O)C(=O)C(O)=Cc1c[nH]c(Cl)c1Cl.NC(=O)C1=CN([C@@H]2O[C@H](COP(=O)(O)OP(=O)(O)OC[C@H]3O[C@@H](n4cnc5c(N)ncnc54)[C@H](OP(=O)(O)O)[C@@H]3O)[C@@H](O)[C@H]2O)C=CC1 >> CC[C@@H](C(=O)C(O)=Cc1c[nH]c(Cl)c1Cl)C(O)O.NC(=O)c1ccc[n+]([C@@H]2O[C@H](COP(=O)(O)OP(=O)(O)OC[C@H]3O[C@@H](n4cnc5c(N)ncnc54)[C@H](OP(=O)(O)O)[C@@H]3O)[C@@H](O)[C@H]2O)c1,rule0003_147,CC[C@H](C(=O)O)C(=O)C(O)=Cc1c[nH]c(Cl)c1Cl.NC(=O)C1=CN([C@@H]2O[C@H](COP(=O)(O)OP(=O)(O)OC[C@H]3O[C@@H](n4cnc5c(N)ncnc54)[C@H](OP(=O)(O)O)[C@@H]3O)[C@@H](O)[C@H]2O)C=CC1>>CC[C@@H](C(=O)C(O)=Cc1c[nH]c(Cl)c1Cl)C(O)O.NC(=O)c1ccc[n+]([C@@H]2O[C@H](COP(=O)(O)OP(=O)(O)OC[C@H]3O[C@@H](n4cnc5c(N)ncnc54)[C@H](OP(=O)(O)O)[C@@H]3O)[C@@H](O)[C@H]2O)c1,0.023018925,0,0.78498244,1,0.037525855,0,0.21632206,0
CC(O)[C@@H]1C(=O)OC(=Cc2c[nH]c(Cl)c2Cl)C1=O.O,CC(O)(O)[C@@H]1C(=O)OC(=Cc2c[nH]c(Cl)c2Cl)C1O,CC(O)[C@@H]1C(=O)OC(=Cc2c[nH]c(Cl)c2Cl)C1=O.O >> CC(O)(O)[C@@H]1C(=O)OC(=Cc2c[nH]c(Cl)c2Cl)C1O,rule0070_6,CC(O)[C@@H]1C(=O)OC(=Cc2c[nH]c(Cl)c2Cl)C1=O.O>>CC(O)(O)[C@@H]1C(=O)OC(=Cc2c[nH]c(Cl)c2Cl)C1O,0.02037571,0,0.45278773,0,0.54983634,0,0.101885945,0
CCC[C@@H]1C(=O)OC(=Cc2c[nH]c(Cl)c2Cl)C1=O.O,CCC(O)[C@@H]1C(=O)OC(=Cc2c[nH]c(Cl)c2Cl)C1O,CCC[C@@H]1C(=O)OC(=Cc2c[nH]c(Cl)c2Cl)C1=O.O >> CCC(O)[C@@H]1C(=O)OC(=Cc2c[nH]c(Cl)c2Cl)C1O,rule0070_6,CCC[C@@H]1C(=O)OC(=Cc2c[nH]c(Cl)c2Cl)C1=O.O>>CCC(O)[C@@H]1C(=O)OC(=Cc2c[nH]c(Cl)c2Cl)C1O,0.017497044,0,0.11495585,0,0.05219847,0,0.040390175,0
CC(O)[C@H]1C(=O)C(=Cc2c[nH]c(Cl)c2Cl)OC1O.O=O,CC(=O)[C@H]1C(=O)C(=Cc2c[nH]c(Cl)c2Cl)OC1O.OO,CC(O)[C@H]1C(=O)C(=Cc2c[nH]c(Cl)c2Cl)OC1O.O=O >> CC(=O)[C@H]1C(=O)C(=Cc2c[nH]c(Cl)c2Cl)OC1O.OO,rule0074_18,CC(O)[C@H]1C(=O)C(=Cc2c[nH]c(Cl)c2Cl)OC1O.O=O>>CC(=O)[C@H]1C(=O)C(=Cc2c[nH]c(Cl)c2Cl)OC1O.OO,0.08022643,0,0.7421092,1,0.28648373,0,0.4979504,0
CC[C@H](C(=O)O)C(=O)C(O)=Cc1c[nH]c(Cl)c1Cl.O,CC[C@H](C(=O)O)C(=O)C(O)C(O)c1c[nH]c(Cl)c1Cl,CC[C@H](C(=O)O)C(=O)C(O)=Cc1c[nH]c(Cl)c1Cl.O >> CC[C@H](C(=O)O)C(=O)C(O)C(O)c1c[nH]c(Cl)c1Cl,rule0020_19,CC[C@H](C(=O)O)C(=O)C(O)=Cc1c[nH]c(Cl)c1Cl.O>>CC[C@H](C(=O)O)C(=O)C(O)C(O)c1c[nH]c(Cl)c1Cl,0.031919662,0,0.021780688,0,0.19808136,0,0.066072136,0
CC(C)[C@@H]1C(=O)OC(=Cc2c[nH]c(Cl)c2Cl)C1=O,CC(C)C(=C1OC(=O)CC1=O)c1c[nH]c(Cl)c1Cl,CC(C)[C@@H]1C(=O)OC(=Cc2c[nH]c(Cl)c2Cl)C1=O >> CC(C)C(=C1OC(=O)CC1=O)c1c[nH]c(Cl)c1Cl,rule0028_51,CC(C)[C@@H]1C(=O)OC(=Cc2c[nH]c(Cl)c2Cl)C1=O>>CC(C)C(=C1OC(=O)CC1=O)c1c[nH]c(Cl)c1Cl,0.51424134,0,0.63750935,1,0.6825912,1,0.6832654,1
CC(C(=O)O)[C@@H]1C(=O)OC(=Cc2c[nH]c(Cl)c2Cl)C1=O,CC[C@@]1(C(=O)O)C(=O)OC(=Cc2c[nH]c(Cl)c2Cl)C1=O,CC(C(=O)O)[C@@H]1C(=O)OC(=Cc2c[nH]c(Cl)c2Cl)C1=O >> CC[C@@]1(C(=O)O)C(=O)OC(=Cc2c[nH]c(Cl)c2Cl)C1=O,rule0028_50,CC(C(=O)O)[C@@H]1C(=O)OC(=Cc2c[nH]c(Cl)c2Cl)C1=O>>CC[C@@]1(C(=O)O)C(=O)OC(=Cc2c[nH]c(Cl)c2Cl)C1=O,0.015526065,0,0.050670043,0,0.3886553,0,0.15970959,0
CC[C@H](C(=O)O)C(=O)C(O)=Cc1c[nH]c(Cl)c1Cl.C[S+](CC[C@H](N)C(=O)O)C[C@H]1O[C@@H](n2cnc3c(N)ncnc32)[C@H](O)[C@@H]1O,CC[C@H](C(=O)O)C(=O)C(=Cc1c[nH]c(Cl)c1Cl)OC.Nc1ncnc2c1ncn2[C@@H]1O[C@H](CSCC[C@H](N)C(=O)O)[C@@H](O)[C@H]1O,CC[C@H](C(=O)O)C(=O)C(O)=Cc1c[nH]c(Cl)c1Cl.C[S+](CC[C@H](N)C(=O)O)C[C@H]1O[C@@H](n2cnc3c(N)ncnc32)[C@H](O)[C@@H]1O >> CC[C@H](C(=O)O)C(=O)C(=Cc1c[nH]c(Cl)c1Cl)OC.Nc1ncnc2c1ncn2[C@@H]1O[C@H](CSCC[C@H](N)C(=O)O)[C@@H](O)[C@H]1O,rule0011_50,CC[C@H](C(=O)O)C(=O)C(O)=Cc1c[nH]c(Cl)c1Cl.C[S+](CC[C@H](N)C(=O)O)C[C@H]1O[C@@H](n2cnc3c(N)ncnc32)[C@H](O)[C@@H]1O>>CC[C@H](C(=O)O)C(=O)C(=Cc1c[nH]c(Cl)c1Cl)OC.Nc1ncnc2c1ncn2[C@@H]1O[C@H](CSCC[C@H](N)C(=O)O)[C@@H](O)[C@H]1O,0.8362399,1,0.71942705,1,0.03644886,0,0.68186617,1
CC[C@H](C(=O)O)C(=O)C(O)=Cc1c[nH]c(Cl)c1Cl.C[S+](CC[C@H](N)C(=O)O)C[C@H]1O[C@@H](n2cnc3c(N)ncnc32)[C@H](O)[C@@H]1O,CCC[C@H](C(=O)O)C(=O)C(O)=Cc1c[nH]c(Cl)c1Cl.Nc1ncnc2c1ncn2[C@@H]1O[C@H](CSCC[C@H](N)C(=O)O)[C@@H](O)[C@H]1O,CC[C@H](C(=O)O)C(=O)C(O)=Cc1c[nH]c(Cl)c1Cl.C[S+](CC[C@H](N)C(=O)O)C[C@H]1O[C@@H](n2cnc3c(N)ncnc32)[C@H](O)[C@@H]1O >> CCC[C@H](C(=O)O)C(=O)C(O)=Cc1c[nH]c(Cl)c1Cl.Nc1ncnc2c1ncn2[C@@H]1O[C@H](CSCC[C@H](N)C(=O)O)[C@@H](O)[C@H]1O,rule0043_12,CC[C@H](C(=O)O)C(=O)C(O)=Cc1c[nH]c(Cl)c1Cl.C[S+](CC[C@H](N)C(=O)O)C[C@H]1O[C@@H](n2cnc3c(N)ncnc32)[C@H](O)[C@@H]1O>>CCC[C@H](C(=O)O)C(=O)C(O)=Cc1c[nH]c(Cl)c1Cl.Nc1ncnc2c1ncn2[C@@H]1O[C@H](CSCC[C@H](N)C(=O)O)[C@@H](O)[C@H]1O,0.40425324,0,0.9227385,1,0.013471215,0,0.23103794,0
C#N.CC[C@H](C(=O)O)C(=O)C(O)=Cc1c[nH]c(Cl)c1Cl,CC[C@H](C(=O)O)C(O)(C#N)C(O)=Cc1c[nH]c(Cl)c1Cl,C#N.CC[C@H](C(=O)O)C(=O)C(O)=Cc1c[nH]c(Cl)c1Cl >> CC[C@H](C(=O)O)C(O)(C#N)C(O)=Cc1c[nH]c(Cl)c1Cl,rule0393_6,C#N.CC[C@H](C(=O)O)C(=O)C(O)=Cc1c[nH]c(Cl)c1Cl>>CC[C@H](C(=O)O)C(O)(C#N)C(O)=Cc1c[nH]c(Cl)c1Cl,0.093950234,0,0.031712722,0,0.04109521,0,0.007108584,0
CC[C@H](C(=O)O)C(=O)C(O)=Cc1c[nH]c(Cl)c1Cl,O=C(O)[C@H]1CCOC(=Cc2c[nH]c(Cl)c2Cl)C1O,CC[C@H](C(=O)O)C(=O)C(O)=Cc1c[nH]c(Cl)c1Cl >> O=C(O)[C@H]1CCOC(=Cc2c[nH]c(Cl)c2Cl)C1O,rule0169_1,CC[C@H](C(=O)O)C(=O)C(O)=Cc1c[nH]c(Cl)c1Cl>>O=C(O)[C@H]1CCOC(=Cc2c[nH]c(Cl)c2Cl)C1O,0.08062553,0,0.03246267,0,0.06029781,0,0.17666724,0
CC(=C1OC(=O)[C@@H](C)C1=O)c1c[nH]c(Cl)c1Cl.C[S+](CC[C@H](N)C(=O)O)C[C@H]1O[C@@H](n2cnc3c(N)ncnc32)[C@H](O)[C@@H]1O,CCC(=C1OC(=O)[C@@H](C)C1=O)c1c[nH]c(Cl)c1Cl.Nc1ncnc2c1ncn2[C@@H]1O[C@H](CSCC[C@H](N)C(=O)O)[C@@H](O)[C@H]1O,CC(=C1OC(=O)[C@@H](C)C1=O)c1c[nH]c(Cl)c1Cl.C[S+](CC[C@H](N)C(=O)O)C[C@H]1O[C@@H](n2cnc3c(N)ncnc32)[C@H](O)[C@@H]1O >> CCC(=C1OC(=O)[C@@H](C)C1=O)c1c[nH]c(Cl)c1Cl.Nc1ncnc2c1ncn2[C@@H]1O[C@H](CSCC[C@H](N)C(=O)O)[C@@H](O)[C@H]1O,rule0043_12,CC(=C1OC(=O)[C@@H](C)C1=O)c1c[nH]c(Cl)c1Cl.C[S+](CC[C@H](N)C(=O)O)C[C@H]1O[C@@H](n2cnc3c(N)ncnc32)[C@H](O)[C@@H]1O>>CCC(=C1OC(=O)[C@@H](C)C1=O)c1c[nH]c(Cl)c1Cl.Nc1ncnc2c1ncn2[C@@H]1O[C@H](CSCC[C@H](N)C(=O)O)[C@@H](O)[C@H]1O,0.9667089,1,0.974982,1,0.33730513,0,0.50587606,0
CC(C)[C@@H]1C(=O)OC(=Cc2c[nH]c(Cl)c2Cl)C1=O.O,CC(C)(O)[C@@H]1C(=O)OC(=Cc2c[nH]c(Cl)c2Cl)C1O,CC(C)[C@@H]1C(=O)OC(=Cc2c[nH]c(Cl)c2Cl)C1=O.O >> CC(C)(O)[C@@H]1C(=O)OC(=Cc2c[nH]c(Cl)c2Cl)C1O,rule0070_6,CC(C)[C@@H]1C(=O)OC(=Cc2c[nH]c(Cl)c2Cl)C1=O.O>>CC(C)(O)[C@@H]1C(=O)OC(=Cc2c[nH]c(Cl)c2Cl)C1O,0.009735429,0,0.39232722,0,0.46043438,0,0.1626886,0
CCC(=C1OC(=O)CC1=O)c1c[nH]c(Cl)c1Cl.O,O=C1CC(O)OC1=C(CCO)c1c[nH]c(Cl)c1Cl,CCC(=C1OC(=O)CC1=O)c1c[nH]c(Cl)c1Cl.O >> O=C1CC(O)OC1=C(CCO)c1c[nH]c(Cl)c1Cl,rule0070_6,CCC(=C1OC(=O)CC1=O)c1c[nH]c(Cl)c1Cl.O>>O=C1CC(O)OC1=C(CCO)c1c[nH]c(Cl)c1Cl,0.00091825926,0,0.0135071175,0,0.039240956,0,0.021402318,0
O=C1OC(=Cc2c[nH]c(Cl)c2Cl)C(O)[C@@H]1CCO.O=O,O=CC[C@@H]1C(=O)OC(=Cc2c[nH]c(Cl)c2Cl)C1O.OO,O=C1OC(=Cc2c[nH]c(Cl)c2Cl)C(O)[C@@H]1CCO.O=O >> O=CC[C@@H]1C(=O)OC(=Cc2c[nH]c(Cl)c2Cl)C1O.OO,rule0074_18,O=C1OC(=Cc2c[nH]c(Cl)c2Cl)C(O)[C@@H]1CCO.O=O>>O=CC[C@@H]1C(=O)OC(=Cc2c[nH]c(Cl)c2Cl)C1O.OO,0.18686484,0,0.34720373,0,0.43941572,0,0.981833,1
CC[C@H](C(=O)O)C(=O)C(O)=Cc1c[nH]c(Cl)c1Cl.NC(=O)c1ccc[n+]([C@@H]2O[C@H](COP(=O)(O)OP(=O)(O)OC[C@H]3O[C@@H](n4cnc5c(N)ncnc54)[C@H](OP(=O)(O)O)[C@@H]3O)[C@@H](O)[C@H]2O)c1.O,CC[C@H](C(=O)O)C(=O)C=Cc1c[nH]c(Cl)c1Cl.NC(=O)C1=CN([C@@H]2O[C@H](COP(=O)(O)OP(=O)(O)OC[C@H]3O[C@@H](n4cnc5c(N)ncnc54)[C@H](OP(=O)(O)O)[C@@H]3O)[C@@H](O)[C@H]2O)C=CC1.O=O,CC[C@H](C(=O)O)C(=O)C(O)=Cc1c[nH]c(Cl)c1Cl.NC(=O)c1ccc[n+]([C@@H]2O[C@H](COP(=O)(O)OP(=O)(O)OC[C@H]3O[C@@H](n4cnc5c(N)ncnc54)[C@H](OP(=O)(O)O)[C@@H]3O)[C@@H](O)[C@H]2O)c1.O >> CC[C@H](C(=O)O)C(=O)C=Cc1c[nH]c(Cl)c1Cl.NC(=O)C1=CN([C@@H]2O[C@H](COP(=O)(O)OP(=O)(O)OC[C@H]3O[C@@H](n4cnc5c(N)ncnc54)[C@H](OP(=O)(O)O)[C@@H]3O)[C@@H](O)[C@H]2O)C=CC1.O=O,rule0005_60,CC[C@H](C(=O)O)C(=O)C(O)=Cc1c[nH]c(Cl)c1Cl.NC(=O)c1ccc[n+]([C@@H]2O[C@H](COP(=O)(O)OP(=O)(O)OC[C@H]3O[C@@H](n4cnc5c(N)ncnc54)[C@H](OP(=O)(O)O)[C@@H]3O)[C@@H](O)[C@H]2O)c1.O>>CC[C@H](C(=O)O)C(=O)C=Cc1c[nH]c(Cl)c1Cl.NC(=O)C1=CN([C@@H]2O[C@H](COP(=O)(O)OP(=O)(O)OC[C@H]3O[C@@H](n4cnc5c(N)ncnc54)[C@H](OP(=O)(O)O)[C@@H]3O)[C@@H](O)[C@H]2O)C=CC1.O=O,9.565725e-05,0,1.8577117e-05,0,8.821833e-05,0,0.00017067656,0
CC[C@H](C(=O)O)C(=O)C(O)=Cc1c[nH]c(Cl)c1Cl.NC(=O)C1=CN([C@@H]2O[C@H](COP(=O)(O)OP(=O)(O)OC[C@H]3O[C@@H](n4cnc5c(N)ncnc54)[C@H](OP(=O)(O)O)[C@@H]3O)[C@@H](O)[C@H]2O)C=CC1,CCCC(O)(C(=O)O)C(O)=Cc1c[nH]c(Cl)c1Cl.NC(=O)c1ccc[n+]([C@@H]2O[C@H](COP(=O)(O)OP(=O)(O)OC[C@H]3O[C@@H](n4cnc5c(N)ncnc54)[C@H](OP(=O)(O)O)[C@@H]3O)[C@@H](O)[C@H]2O)c1,CC[C@H](C(=O)O)C(=O)C(O)=Cc1c[nH]c(Cl)c1Cl.NC(=O)C1=CN([C@@H]2O[C@H](COP(=O)(O)OP(=O)(O)OC[C@H]3O[C@@H](n4cnc5c(N)ncnc54)[C@H](OP(=O)(O)O)[C@@H]3O)[C@@H](O)[C@H]2O)C=CC1 >> CCCC(O)(C(=O)O)C(O)=Cc1c[nH]c(Cl)c1Cl.NC(=O)c1ccc[n+]([C@@H]2O[C@H](COP(=O)(O)OP(=O)(O)OC[C@H]3O[C@@H](n4cnc5c(N)ncnc54)[C@H](OP(=O)(O)O)[C@@H]3O)[C@@H](O)[C@H]2O)c1,rule0348_1,CC[C@H](C(=O)O)C(=O)C(O)=Cc1c[nH]c(Cl)c1Cl.NC(=O)C1=CN([C@@H]2O[C@H](COP(=O)(O)OP(=O)(O)OC[C@H]3O[C@@H](n4cnc5c(N)ncnc54)[C@H](OP(=O)(O)O)[C@@H]3O)[C@@H](O)[C@H]2O)C=CC1>>CCCC(O)(C(=O)O)C(O)=Cc1c[nH]c(Cl)c1Cl.NC(=O)c1ccc[n+]([C@@H]2O[C@H](COP(=O)(O)OP(=O)(O)OC[C@H]3O[C@@H](n4cnc5c(N)ncnc54)[C@H](OP(=O)(O)O)[C@@H]3O)[C@@H](O)[C@H]2O)c1,0.14902358,0,0.5242758,0,0.054602463,0,0.028590593,0
CC[C@H](C(=O)O)C(=O)C(O)=Cc1c[nH]c(Cl)c1Cl.NC(=O)C1=CN([C@@H]2O[C@H](COP(=O)(O)OP(=O)(O)OC[C@H]3O[C@@H](n4cnc5c(N)ncnc54)[C@H](OP(=O)(O)O)[C@@H]3O)[C@@H](O)[C@H]2O)C=CC1.O=O,CC[C@H](C(=O)O)C(=O)C1(O)OC1c1c[nH]c(Cl)c1Cl.NC(=O)c1ccc[n+]([C@@H]2O[C@H](COP(=O)(O)OP(=O)(O)OC[C@H]3O[C@@H](n4cnc5c(N)ncnc54)[C@H](OP(=O)(O)O)[C@@H]3O)[C@@H](O)[C@H]2O)c1.O,CC[C@H](C(=O)O)C(=O)C(O)=Cc1c[nH]c(Cl)c1Cl.NC(=O)C1=CN([C@@H]2O[C@H](COP(=O)(O)OP(=O)(O)OC[C@H]3O[C@@H](n4cnc5c(N)ncnc54)[C@H](OP(=O)(O)O)[C@@H]3O)[C@@H](O)[C@H]2O)C=CC1.O=O >> CC[C@H](C(=O)O)C(=O)C1(O)OC1c1c[nH]c(Cl)c1Cl.NC(=O)c1ccc[n+]([C@@H]2O[C@H](COP(=O)(O)OP(=O)(O)OC[C@H]3O[C@@H](n4cnc5c(N)ncnc54)[C@H](OP(=O)(O)O)[C@@H]3O)[C@@H](O)[C@H]2O)c1.O,rule0077_4,CC[C@H](C(=O)O)C(=O)C(O)=Cc1c[nH]c(Cl)c1Cl.NC(=O)C1=CN([C@@H]2O[C@H](COP(=O)(O)OP(=O)(O)OC[C@H]3O[C@@H](n4cnc5c(N)ncnc54)[C@H](OP(=O)(O)O)[C@@H]3O)[C@@H](O)[C@H]2O)C=CC1.O=O>>CC[C@H](C(=O)O)C(=O)C1(O)OC1c1c[nH]c(Cl)c1Cl.NC(=O)c1ccc[n+]([C@@H]2O[C@H](COP(=O)(O)OP(=O)(O)OC[C@H]3O[C@@H](n4cnc5c(N)ncnc54)[C@H](OP(=O)(O)O)[C@@H]3O)[C@@H](O)[C@H]2O)c1.O,0.17214513,0,0.36139214,0,0.25420535,0,0.15376906,0
CC[C@@H]1C(=O)OC(=C(C)c2c[nH]c(Cl)c2Cl)C1=O.NC(=O)C1=CN([C@@H]2O[C@H](COP(=O)(O)OP(=O)(O)OC[C@H]3O[C@@H](n4cnc5c(N)ncnc54)[C@H](OP(=O)(O)O)[C@@H]3O)[C@@H](O)[C@H]2O)C=CC1.O=O,CC(=C1OC(=O)[C@@H](CCO)C1=O)c1c[nH]c(Cl)c1Cl.NC(=O)c1ccc[n+]([C@@H]2O[C@H](COP(=O)(O)OP(=O)(O)OC[C@H]3O[C@@H](n4cnc5c(N)ncnc54)[C@H](OP(=O)(O)O)[C@@H]3O)[C@@H](O)[C@H]2O)c1.O,CC[C@@H]1C(=O)OC(=C(C)c2c[nH]c(Cl)c2Cl)C1=O.NC(=O)C1=CN([C@@H]2O[C@H](COP(=O)(O)OP(=O)(O)OC[C@H]3O[C@@H](n4cnc5c(N)ncnc54)[C@H](OP(=O)(O)O)[C@@H]3O)[C@@H](O)[C@H]2O)C=CC1.O=O >> CC(=C1OC(=O)[C@@H](CCO)C1=O)c1c[nH]c(Cl)c1Cl.NC(=O)c1ccc[n+]([C@@H]2O[C@H](COP(=O)(O)OP(=O)(O)OC[C@H]3O[C@@H](n4cnc5c(N)ncnc54)[C@H](OP(=O)(O)O)[C@@H]3O)[C@@H](O)[C@H]2O)c1.O,rule0004_13,CC[C@@H]1C(=O)OC(=C(C)c2c[nH]c(Cl)c2Cl)C1=O.NC(=O)C1=CN([C@@H]2O[C@H](COP(=O)(O)OP(=O)(O)OC[C@H]3O[C@@H](n4cnc5c(N)ncnc54)[C@H](OP(=O)(O)O)[C@@H]3O)[C@@H](O)[C@H]2O)C=CC1.O=O>>CC(=C1OC(=O)[C@@H](CCO)C1=O)c1c[nH]c(Cl)c1Cl.NC(=O)c1ccc[n+]([C@@H]2O[C@H](COP(=O)(O)OP(=O)(O)OC[C@H]3O[C@@H](n4cnc5c(N)ncnc54)[C@H](OP(=O)(O)O)[C@@H]3O)[C@@H](O)[C@H]2O)c1.O,0.009781834,0,0.06408325,0,0.05795611,0,0.13397707,0
CCc1[nH]c(Cl)c(Cl)c1C=C1OC(=O)CC1=O.CCc1[nH]c(Cl)c(Cl)c1C=C1OC(=O)CC1=O,CCCc1[nH]c(Cl)c(Cl)c1C=C1OC(=O)CC1=O.Cc1[nH]c(Cl)c(Cl)c1C=C1OC(=O)CC1=O,CCc1[nH]c(Cl)c(Cl)c1C=C1OC(=O)CC1=O.CCc1[nH]c(Cl)c(Cl)c1C=C1OC(=O)CC1=O >> CCCc1[nH]c(Cl)c(Cl)c1C=C1OC(=O)CC1=O.Cc1[nH]c(Cl)c(Cl)c1C=C1OC(=O)CC1=O,rule0126_2,CCc1[nH]c(Cl)c(Cl)c1C=C1OC(=O)CC1=O.CCc1[nH]c(Cl)c(Cl)c1C=C1OC(=O)CC1=O>>CCCc1[nH]c(Cl)c(Cl)c1C=C1OC(=O)CC1=O.Cc1[nH]c(Cl)c(Cl)c1C=C1OC(=O)CC1=O,0.098383926,0,0.07860112,0,0.002093196,0,0.09780711,0
O.O=C1OC(=Cc2c[nH]c(Cl)c2Cl)C(=O)[C@@H]1CCO,O=C(O)[C@@H](CCO)C(=O)C(O)=Cc1c[nH]c(Cl)c1Cl,O.O=C1OC(=Cc2c[nH]c(Cl)c2Cl)C(=O)[C@@H]1CCO >> O=C(O)[C@@H](CCO)C(=O)C(O)=Cc1c[nH]c(Cl)c1Cl,rule0035_7,O.O=C1OC(=Cc2c[nH]c(Cl)c2Cl)C(=O)[C@@H]1CCO>>O=C(O)[C@@H](CCO)C(=O)C(O)=Cc1c[nH]c(Cl)c1Cl,0.83159894,1,0.49382982,0,0.7835439,1,0.7018722,1
CC(O)[C@H]1C(=O)C(=Cc2c[nH]c(Cl)c2Cl)OC1O.O,OCC(O)[C@@H]1C(O)OC(=Cc2c[nH]c(Cl)c2Cl)C1O,CC(O)[C@H]1C(=O)C(=Cc2c[nH]c(Cl)c2Cl)OC1O.O >> OCC(O)[C@@H]1C(O)OC(=Cc2c[nH]c(Cl)c2Cl)C1O,rule0070_6,CC(O)[C@H]1C(=O)C(=Cc2c[nH]c(Cl)c2Cl)OC1O.O>>OCC(O)[C@@H]1C(O)OC(=Cc2c[nH]c(Cl)c2Cl)C1O,0.021204725,0,0.5890383,1,0.09415972,0,0.7472622,1
CC[C@H](C(=O)O)C(=O)C(O)=Cc1c[nH]c(Cl)c1Cl.C[S+](CC[C@H](N)C(=O)O)C[C@H]1O[C@@H](n2cnc3c(N)ncnc32)[C@H](O)[C@@H]1O,CC(C)[C@H](C(=O)O)C(=O)C(O)=Cc1c[nH]c(Cl)c1Cl.Nc1ncnc2c1ncn2[C@@H]1O[C@H](CSCC[C@H](N)C(=O)O)[C@@H](O)[C@H]1O,CC[C@H](C(=O)O)C(=O)C(O)=Cc1c[nH]c(Cl)c1Cl.C[S+](CC[C@H](N)C(=O)O)C[C@H]1O[C@@H](n2cnc3c(N)ncnc32)[C@H](O)[C@@H]1O >> CC(C)[C@H](C(=O)O)C(=O)C(O)=Cc1c[nH]c(Cl)c1Cl.Nc1ncnc2c1ncn2[C@@H]1O[C@H](CSCC[C@H](N)C(=O)O)[C@@H](O)[C@H]1O,rule0043_12,CC[C@H](C(=O)O)C(=O)C(O)=Cc1c[nH]c(Cl)c1Cl.C[S+](CC[C@H](N)C(=O)O)C[C@H]1O[C@@H](n2cnc3c(N)ncnc32)[C@H](O)[C@@H]1O>>CC(C)[C@H](C(=O)O)C(=O)C(O)=Cc1c[nH]c(Cl)c1Cl.Nc1ncnc2c1ncn2[C@@H]1O[C@H](CSCC[C@H](N)C(=O)O)[C@@H](O)[C@H]1O,0.33988136,0,0.72572076,1,0.11530616,0,0.030997382,0
O=C1OC(=Cc2c[nH]c(Cl)c2Cl)C(=O)[C@@H]1CCO.O=C1OC(=Cc2c[nH]c(Cl)c2Cl)C(=O)[C@@H]1CCO,C[C@@H]1C(=O)OC(=Cc2c[nH]c(Cl)c2Cl)C1=O.O=C1OC(=Cc2c(CO)[nH]c(Cl)c2Cl)C(=O)[C@@H]1CCO,O=C1OC(=Cc2c[nH]c(Cl)c2Cl)C(=O)[C@@H]1CCO.O=C1OC(=Cc2c[nH]c(Cl)c2Cl)C(=O)[C@@H]1CCO >> C[C@@H]1C(=O)OC(=Cc2c[nH]c(Cl)c2Cl)C1=O.O=C1OC(=Cc2c(CO)[nH]c(Cl)c2Cl)C(=O)[C@@H]1CCO,rule0126_2,O=C1OC(=Cc2c[nH]c(Cl)c2Cl)C(=O)[C@@H]1CCO.O=C1OC(=Cc2c[nH]c(Cl)c2Cl)C(=O)[C@@H]1CCO>>C[C@@H]1C(=O)OC(=Cc2c[nH]c(Cl)c2Cl)C1=O.O=C1OC(=Cc2c(CO)[nH]c(Cl)c2Cl)C(=O)[C@@H]1CCO,0.0008199536,0,0.0009624656,0,0.0017959225,0,0.53493524,0
CC[C@H](C(=O)O)C(=O)C(O)=Cc1c[nH]c(Cl)c1Cl.CC[C@H](C(=O)O)C(=O)C(O)=Cc1c[nH]c(Cl)c1Cl,CC(C)[C@H](C(=O)O)C(=O)C(O)=Cc1c[nH]c(Cl)c1Cl.C[C@H](C(=O)O)C(=O)C(O)=Cc1c[nH]c(Cl)c1Cl,CC[C@H](C(=O)O)C(=O)C(O)=Cc1c[nH]c(Cl)c1Cl.CC[C@H](C(=O)O)C(=O)C(O)=Cc1c[nH]c(Cl)c1Cl >> CC(C)[C@H](C(=O)O)C(=O)C(O)=Cc1c[nH]c(Cl)c1Cl.C[C@H](C(=O)O)C(=O)C(O)=Cc1c[nH]c(Cl)c1Cl,rule0126_1,CC[C@H](C(=O)O)C(=O)C(O)=Cc1c[nH]c(Cl)c1Cl.CC[C@H](C(=O)O)C(=O)C(O)=Cc1c[nH]c(Cl)c1Cl>>CC(C)[C@H](C(=O)O)C(=O)C(O)=Cc1c[nH]c(Cl)c1Cl.C[C@H](C(=O)O)C(=O)C(O)=Cc1c[nH]c(Cl)c1Cl,0.0012418856,0,0.037595004,0,0.002924868,0,0.089325525,0
CC[C@@H]1C(=O)OC(=C(C)c2c[nH]c(Cl)c2Cl)C1=O,CCC[C@@H]1C(=O)OC(=Cc2c[nH]c(Cl)c2Cl)C1=O,CC[C@@H]1C(=O)OC(=C(C)c2c[nH]c(Cl)c2Cl)C1=O >> CCC[C@@H]1C(=O)OC(=Cc2c[nH]c(Cl)c2Cl)C1=O,rule0028_51,CC[C@@H]1C(=O)OC(=C(C)c2c[nH]c(Cl)c2Cl)C1=O>>CCC[C@@H]1C(=O)OC(=Cc2c[nH]c(Cl)c2Cl)C1=O,0.004772436,0,0.35627896,0,0.21530977,0,0.028503165,0
CC[C@H](C(=O)O)C(=O)C(O)=Cc1c[nH]c(Cl)c1Cl.N,CC[C@H](C(=O)O)C(=O)C(O)C(N)c1c[nH]c(Cl)c1Cl,CC[C@H](C(=O)O)C(=O)C(O)=Cc1c[nH]c(Cl)c1Cl.N >> CC[C@H](C(=O)O)C(=O)C(O)C(N)c1c[nH]c(Cl)c1Cl,rule0257_1,CC[C@H](C(=O)O)C(=O)C(O)=Cc1c[nH]c(Cl)c1Cl.N>>CC[C@H](C(=O)O)C(=O)C(O)C(N)c1c[nH]c(Cl)c1Cl,0.09397329,0,0.042910986,0,0.691689,1,0.26872993,0
O=C1OC(=Cc2c[nH]c(Cl)c2Cl)C(O)[C@@H]1CCO,C[C@@H]1C(=O)OC(=Cc2c[nH]c(Cl)c2Cl)C1(O)CO,O=C1OC(=Cc2c[nH]c(Cl)c2Cl)C(O)[C@@H]1CCO >> C[C@@H]1C(=O)OC(=Cc2c[nH]c(Cl)c2Cl)C1(O)CO,rule0028_50,O=C1OC(=Cc2c[nH]c(Cl)c2Cl)C(O)[C@@H]1CCO>>C[C@@H]1C(=O)OC(=Cc2c[nH]c(Cl)c2Cl)C1(O)CO,0.06134658,0,0.04485006,0,0.10982251,0,0.20237353,0
CC[C@H](C(=O)O)C(=O)C(O)=Cc1c[nH]c(Cl)c1Cl.CC[C@H](C(=O)O)C(=O)C(O)=Cc1c[nH]c(Cl)c1Cl,CC[C@H](C(=O)O)C(=O)C(O)=Cc1c(C)[nH]c(Cl)c1Cl.C[C@H](C(=O)O)C(=O)C(O)=Cc1c[nH]c(Cl)c1Cl,CC[C@H](C(=O)O)C(=O)C(O)=Cc1c[nH]c(Cl)c1Cl.CC[C@H](C(=O)O)C(=O)C(O)=Cc1c[nH]c(Cl)c1Cl >> CC[C@H](C(=O)O)C(=O)C(O)=Cc1c(C)[nH]c(Cl)c1Cl.C[C@H](C(=O)O)C(=O)C(O)=Cc1c[nH]c(Cl)c1Cl,rule0126_2,CC[C@H](C(=O)O)C(=O)C(O)=Cc1c[nH]c(Cl)c1Cl.CC[C@H](C(=O)O)C(=O)C(O)=Cc1c[nH]c(Cl)c1Cl>>CC[C@H](C(=O)O)C(=O)C(O)=Cc1c(C)[nH]c(Cl)c1Cl.C[C@H](C(=O)O)C(=O)C(O)=Cc1c[nH]c(Cl)c1Cl,0.0010324362,0,0.13376789,0,0.00071989105,0,0.04813747,0
CC(O)[C@@H]1C(=O)OC(=Cc2c[nH]c(Cl)c2Cl)C1=O,CC(O)C(=C1OC(=O)CC1=O)c1c[nH]c(Cl)c1Cl,CC(O)[C@@H]1C(=O)OC(=Cc2c[nH]c(Cl)c2Cl)C1=O >> CC(O)C(=C1OC(=O)CC1=O)c1c[nH]c(Cl)c1Cl,rule0028_50,CC(O)[C@@H]1C(=O)OC(=Cc2c[nH]c(Cl)c2Cl)C1=O>>CC(O)C(=C1OC(=O)CC1=O)c1c[nH]c(Cl)c1Cl,0.14042708,0,0.3317288,0,0.87536544,1,0.8340123,1
CC(C(=O)O)[C@@H]1C(=O)OC(=Cc2c[nH]c(Cl)c2Cl)C1=O.OO,CC(C=O)[C@@H]1C(=O)OC(=Cc2c[nH]c(Cl)c2Cl)C1=O.O.O=O,CC(C(=O)O)[C@@H]1C(=O)OC(=Cc2c[nH]c(Cl)c2Cl)C1=O.OO >> CC(C=O)[C@@H]1C(=O)OC(=Cc2c[nH]c(Cl)c2Cl)C1=O.O.O=O,rule0147_2,CC(C(=O)O)[C@@H]1C(=O)OC(=Cc2c[nH]c(Cl)c2Cl)C1=O.OO>>CC(C=O)[C@@H]1C(=O)OC(=Cc2c[nH]c(Cl)c2Cl)C1=O.O.O=O,2.467438e-06,0,2.2212994e-06,0,0.0006406316,0,0.003913312,0
CC[C@@H]1C(=O)OC(=Cc2c(C)[nH]c(Cl)c2Cl)C1=O.NC(=O)C1=CN([C@@H]2O[C@H](COP(=O)(O)OP(=O)(O)OC[C@H]3O[C@@H](n4cnc5c(N)ncnc54)[C@H](OP(=O)(O)O)[C@@H]3O)[C@@H](O)[C@H]2O)C=CC1.O=O,Cc1[nH]c(Cl)c(Cl)c1C=C1OC(=O)[C@@H](C(C)O)C1=O.NC(=O)c1ccc[n+]([C@@H]2O[C@H](COP(=O)(O)OP(=O)(O)OC[C@H]3O[C@@H](n4cnc5c(N)ncnc54)[C@H](OP(=O)(O)O)[C@@H]3O)[C@@H](O)[C@H]2O)c1.O,CC[C@@H]1C(=O)OC(=Cc2c(C)[nH]c(Cl)c2Cl)C1=O.NC(=O)C1=CN([C@@H]2O[C@H](COP(=O)(O)OP(=O)(O)OC[C@H]3O[C@@H](n4cnc5c(N)ncnc54)[C@H](OP(=O)(O)O)[C@@H]3O)[C@@H](O)[C@H]2O)C=CC1.O=O >> Cc1[nH]c(Cl)c(Cl)c1C=C1OC(=O)[C@@H](C(C)O)C1=O.NC(=O)c1ccc[n+]([C@@H]2O[C@H](COP(=O)(O)OP(=O)(O)OC[C@H]3O[C@@H](n4cnc5c(N)ncnc54)[C@H](OP(=O)(O)O)[C@@H]3O)[C@@H](O)[C@H]2O)c1.O,rule0004_13,CC[C@@H]1C(=O)OC(=Cc2c(C)[nH]c(Cl)c2Cl)C1=O.NC(=O)C1=CN([C@@H]2O[C@H](COP(=O)(O)OP(=O)(O)OC[C@H]3O[C@@H](n4cnc5c(N)ncnc54)[C@H](OP(=O)(O)O)[C@@H]3O)[C@@H](O)[C@H]2O)C=CC1.O=O>>Cc1[nH]c(Cl)c(Cl)c1C=C1OC(=O)[C@@H](C(C)O)C1=O.NC(=O)c1ccc[n+]([C@@H]2O[C@H](COP(=O)(O)OP(=O)(O)OC[C@H]3O[C@@H](n4cnc5c(N)ncnc54)[C@H](OP(=O)(O)O)[C@@H]3O)[C@@H](O)[C@H]2O)c1.O,0.013980891,0,0.016666329,0,0.004850643,0,0.021823365,0
CC[C@@H]1C(=O)OC(=Cc2c(C)[nH]c(Cl)c2Cl)C1=O,CC(=C1OC(=O)[C@@H](C)C1=O)c1c(C)[nH]c(Cl)c1Cl,CC[C@@H]1C(=O)OC(=Cc2c(C)[nH]c(Cl)c2Cl)C1=O >> CC(=C1OC(=O)[C@@H](C)C1=O)c1c(C)[nH]c(Cl)c1Cl,rule0028_51,CC[C@@H]1C(=O)OC(=Cc2c(C)[nH]c(Cl)c2Cl)C1=O>>CC(=C1OC(=O)[C@@H](C)C1=O)c1c(C)[nH]c(Cl)c1Cl,0.08657635,0,0.019904532,0,0.7577191,1,0.011006499,0
C[S+](CC[C@H](N)C(=O)O)C[C@H]1O[C@@H](n2cnc3c(N)ncnc32)[C@H](O)[C@@H]1O.O=C1OC(=Cc2c[nH]c(Cl)c2Cl)C(O)[C@@H]1CCO,CC(CO)[C@@H]1C(=O)OC(=Cc2c[nH]c(Cl)c2Cl)C1O.Nc1ncnc2c1ncn2[C@@H]1O[C@H](CSCC[C@H](N)C(=O)O)[C@@H](O)[C@H]1O,C[S+](CC[C@H](N)C(=O)O)C[C@H]1O[C@@H](n2cnc3c(N)ncnc32)[C@H](O)[C@@H]1O.O=C1OC(=Cc2c[nH]c(Cl)c2Cl)C(O)[C@@H]1CCO >> CC(CO)[C@@H]1C(=O)OC(=Cc2c[nH]c(Cl)c2Cl)C1O.Nc1ncnc2c1ncn2[C@@H]1O[C@H](CSCC[C@H](N)C(=O)O)[C@@H](O)[C@H]1O,rule0043_12,C[S+](CC[C@H](N)C(=O)O)C[C@H]1O[C@@H](n2cnc3c(N)ncnc32)[C@H](O)[C@@H]1O.O=C1OC(=Cc2c[nH]c(Cl)c2Cl)C(O)[C@@H]1CCO>>CC(CO)[C@@H]1C(=O)OC(=Cc2c[nH]c(Cl)c2Cl)C1O.Nc1ncnc2c1ncn2[C@@H]1O[C@H](CSCC[C@H](N)C(=O)O)[C@@H](O)[C@H]1O,0.91978574,1,0.8475217,1,0.41704428,0,0.23957562,0
CCC[C@@H]1C(=O)OC(=Cc2c[nH]c(Cl)c2Cl)C1=O,CC[C@@]1(C)C(=O)OC(=Cc2c[nH]c(Cl)c2Cl)C1=O,CCC[C@@H]1C(=O)OC(=Cc2c[nH]c(Cl)c2Cl)C1=O >> CC[C@@]1(C)C(=O)OC(=Cc2c[nH]c(Cl)c2Cl)C1=O,rule0028_51,CCC[C@@H]1C(=O)OC(=Cc2c[nH]c(Cl)c2Cl)C1=O>>CC[C@@]1(C)C(=O)OC(=Cc2c[nH]c(Cl)c2Cl)C1=O,0.017346866,0,0.486421,0,0.044022255,0,0.036166355,0
O=C1OC(=Cc2c[nH]c(Cl)c2Cl)C(O)[C@@H]1CCO,O=C1CC(O)C(=C(CCO)c2c[nH]c(Cl)c2Cl)O1,O=C1OC(=Cc2c[nH]c(Cl)c2Cl)C(O)[C@@H]1CCO >> O=C1CC(O)C(=C(CCO)c2c[nH]c(Cl)c2Cl)O1,rule0028_51,O=C1OC(=Cc2c[nH]c(Cl)c2Cl)C(O)[C@@H]1CCO>>O=C1CC(O)C(=C(CCO)c2c[nH]c(Cl)c2Cl)O1,0.006200287,0,0.094087474,0,0.36905804,0,0.045462716,0
CC(C(=O)O)[C@@H]1C(=O)OC(=Cc2c[nH]c(Cl)c2Cl)C1=O,CC[C@@H]1C(=O)OC(=Cc2c[nH]c(Cl)c2Cl)C1=O.O=C=O,CC(C(=O)O)[C@@H]1C(=O)OC(=Cc2c[nH]c(Cl)c2Cl)C1=O >> CC[C@@H]1C(=O)OC(=Cc2c[nH]c(Cl)c2Cl)C1=O.O=C=O,rule0024_52,CC(C(=O)O)[C@@H]1C(=O)OC(=Cc2c[nH]c(Cl)c2Cl)C1=O>>CC[C@@H]1C(=O)OC(=Cc2c[nH]c(Cl)c2Cl)C1=O.O=C=O,0.7056276,1,0.9591783,1,0.98951983,1,0.99475914,1
CC(O)[C@@H]1C(=O)OC(=Cc2c[nH]c(Cl)c2Cl)C1=O.NC(=O)c1ccc[n+]([C@@H]2O[C@H](COP(=O)(O)OP(=O)(O)OC[C@H]3O[C@@H](n4cnc5c(N)ncnc54)[C@H](OP(=O)(O)O)[C@@H]3O)[C@@H](O)[C@H]2O)c1,CC(=O)[C@@H]1C(=O)OC(=Cc2c[nH]c(Cl)c2Cl)C1=O.NC(=O)C1=CN([C@@H]2O[C@H](COP(=O)(O)OP(=O)(O)OC[C@H]3O[C@@H](n4cnc5c(N)ncnc54)[C@H](OP(=O)(O)O)[C@@H]3O)[C@@H](O)[C@H]2O)C=CC1,CC(O)[C@@H]1C(=O)OC(=Cc2c[nH]c(Cl)c2Cl)C1=O.NC(=O)c1ccc[n+]([C@@H]2O[C@H](COP(=O)(O)OP(=O)(O)OC[C@H]3O[C@@H](n4cnc5c(N)ncnc54)[C@H](OP(=O)(O)O)[C@@H]3O)[C@@H](O)[C@H]2O)c1 >> CC(=O)[C@@H]1C(=O)OC(=Cc2c[nH]c(Cl)c2Cl)C1=O.NC(=O)C1=CN([C@@H]2O[C@H](COP(=O)(O)OP(=O)(O)OC[C@H]3O[C@@H](n4cnc5c(N)ncnc54)[C@H](OP(=O)(O)O)[C@@H]3O)[C@@H](O)[C@H]2O)C=CC1,rule0002_153,CC(O)[C@@H]1C(=O)OC(=Cc2c[nH]c(Cl)c2Cl)C1=O.NC(=O)c1ccc[n+]([C@@H]2O[C@H](COP(=O)(O)OP(=O)(O)OC[C@H]3O[C@@H](n4cnc5c(N)ncnc54)[C@H](OP(=O)(O)O)[C@@H]3O)[C@@H](O)[C@H]2O)c1>>CC(=O)[C@@H]1C(=O)OC(=Cc2c[nH]c(Cl)c2Cl)C1=O.NC(=O)C1=CN([C@@H]2O[C@H](COP(=O)(O)OP(=O)(O)OC[C@H]3O[C@@H](n4cnc5c(N)ncnc54)[C@H](OP(=O)(O)O)[C@@H]3O)[C@@H](O)[C@H]2O)C=CC1,9.5017225e-05,0,0.014439245,0,0.026028698,0,0.029951712,0
O=C1C(=Cc2c[nH]c(Cl)c2Cl)OC(O)[C@H]1CCO.O=C1C(=Cc2c[nH]c(Cl)c2Cl)OC(O)[C@H]1CCO,C[C@H]1C(=O)C(=Cc2c[nH]c(Cl)c2Cl)OC1O.O=C1C(=Cc2c[nH]c(Cl)c2Cl)OC(O)[C@]1(CO)CCO,O=C1C(=Cc2c[nH]c(Cl)c2Cl)OC(O)[C@H]1CCO.O=C1C(=Cc2c[nH]c(Cl)c2Cl)OC(O)[C@H]1CCO >> C[C@H]1C(=O)C(=Cc2c[nH]c(Cl)c2Cl)OC1O.O=C1C(=Cc2c[nH]c(Cl)c2Cl)OC(O)[C@]1(CO)CCO,rule0126_2,O=C1C(=Cc2c[nH]c(Cl)c2Cl)OC(O)[C@H]1CCO.O=C1C(=Cc2c[nH]c(Cl)c2Cl)OC(O)[C@H]1CCO>>C[C@H]1C(=O)C(=Cc2c[nH]c(Cl)c2Cl)OC1O.O=C1C(=Cc2c[nH]c(Cl)c2Cl)OC(O)[C@]1(CO)CCO,0.4042108,0,0.02561123,0,0.021034023,0,0.18781137,0
NC(=O)c1ccc[n+]([C@@H]2O[C@H](COP(=O)(O)OP(=O)(O)OC[C@H]3O[C@@H](n4cnc5c(N)ncnc54)[C@H](OP(=O)(O)O)[C@@H]3O)[C@@H](O)[C@H]2O)c1.NC(=O)c1ccc[n+]([C@@H]2O[C@H](COP(=O)(O)OP(=O)(O)OC[C@H]3O[C@@H](n4cnc5c(N)ncnc54)[C@H](OP(=O)(O)O)[C@@H]3O)[C@@H](O)[C@H]2O)c1.O.O=C1OC(=Cc2c[nH]c(Cl)c2Cl)C(O)[C@@H]1CCO,NC(=O)C1=CN([C@@H]2O[C@H](COP(=O)(O)OP(=O)(O)OC[C@H]3O[C@@H](n4cnc5c(N)ncnc54)[C@H](OP(=O)(O)O)[C@@H]3O)[C@@H](O)[C@H]2O)C=CC1.NC(=O)C1=CN([C@@H]2O[C@H](COP(=O)(O)OP(=O)(O)OC[C@H]3O[C@@H](n4cnc5c(N)ncnc54)[C@H](OP(=O)(O)O)[C@@H]3O)[C@@H](O)[C@H]2O)C=CC1.O=C(O)C[C@@H]1C(=O)OC(=Cc2c[nH]c(Cl)c2Cl)C1O,NC(=O)c1ccc[n+]([C@@H]2O[C@H](COP(=O)(O)OP(=O)(O)OC[C@H]3O[C@@H](n4cnc5c(N)ncnc54)[C@H](OP(=O)(O)O)[C@@H]3O)[C@@H](O)[C@H]2O)c1.NC(=O)c1ccc[n+]([C@@H]2O[C@H](COP(=O)(O)OP(=O)(O)OC[C@H]3O[C@@H](n4cnc5c(N)ncnc54)[C@H](OP(=O)(O)O)[C@@H]3O)[C@@H](O)[C@H]2O)c1.O.O=C1OC(=Cc2c[nH]c(Cl)c2Cl)C(O)[C@@H]1CCO >> NC(=O)C1=CN([C@@H]2O[C@H](COP(=O)(O)OP(=O)(O)OC[C@H]3O[C@@H](n4cnc5c(N)ncnc54)[C@H](OP(=O)(O)O)[C@@H]3O)[C@@H](O)[C@H]2O)C=CC1.NC(=O)C1=CN([C@@H]2O[C@H](COP(=O)(O)OP(=O)(O)OC[C@H]3O[C@@H](n4cnc5c(N)ncnc54)[C@H](OP(=O)(O)O)[C@@H]3O)[C@@H](O)[C@H]2O)C=CC1.O=C(O)C[C@@H]1C(=O)OC(=Cc2c[nH]c(Cl)c2Cl)C1O,rule0165_2,NC(=O)c1ccc[n+]([C@@H]2O[C@H](COP(=O)(O)OP(=O)(O)OC[C@H]3O[C@@H](n4cnc5c(N)ncnc54)[C@H](OP(=O)(O)O)[C@@H]3O)[C@@H](O)[C@H]2O)c1.NC(=O)c1ccc[n+]([C@@H]2O[C@H](COP(=O)(O)OP(=O)(O)OC[C@H]3O[C@@H](n4cnc5c(N)ncnc54)[C@H](OP(=O)(O)O)[C@@H]3O)[C@@H](O)[C@H]2O)c1.O.O=C1OC(=Cc2c[nH]c(Cl)c2Cl)C(O)[C@@H]1CCO>>NC(=O)C1=CN([C@@H]2O[C@H](COP(=O)(O)OP(=O)(O)OC[C@H]3O[C@@H](n4cnc5c(N)ncnc54)[C@H](OP(=O)(O)O)[C@@H]3O)[C@@H](O)[C@H]2O)C=CC1.NC(=O)C1=CN([C@@H]2O[C@H](COP(=O)(O)OP(=O)(O)OC[C@H]3O[C@@H](n4cnc5c(N)ncnc54)[C@H](OP(=O)(O)O)[C@@H]3O)[C@@H](O)[C@H]2O)C=CC1.O=C(O)C[C@@H]1C(=O)OC(=Cc2c[nH]c(Cl)c2Cl)C1O,0.12093465,0,0.7299315,1,0.6526394,1,0.95632243,1
CCC(=C1OC(=O)CC1=O)c1c[nH]c(Cl)c1Cl.C[S+](CC[C@H](N)C(=O)O)C[C@H]1O[C@@H](n2cnc3c(N)ncnc32)[C@H](O)[C@@H]1O,CC(C)C(=C1OC(=O)CC1=O)c1c[nH]c(Cl)c1Cl.Nc1ncnc2c1ncn2[C@@H]1O[C@H](CSCC[C@H](N)C(=O)O)[C@@H](O)[C@H]1O,CCC(=C1OC(=O)CC1=O)c1c[nH]c(Cl)c1Cl.C[S+](CC[C@H](N)C(=O)O)C[C@H]1O[C@@H](n2cnc3c(N)ncnc32)[C@H](O)[C@@H]1O >> CC(C)C(=C1OC(=O)CC1=O)c1c[nH]c(Cl)c1Cl.Nc1ncnc2c1ncn2[C@@H]1O[C@H](CSCC[C@H](N)C(=O)O)[C@@H](O)[C@H]1O,rule0043_12,CCC(=C1OC(=O)CC1=O)c1c[nH]c(Cl)c1Cl.C[S+](CC[C@H](N)C(=O)O)C[C@H]1O[C@@H](n2cnc3c(N)ncnc32)[C@H](O)[C@@H]1O>>CC(C)C(=C1OC(=O)CC1=O)c1c[nH]c(Cl)c1Cl.Nc1ncnc2c1ncn2[C@@H]1O[C@H](CSCC[C@H](N)C(=O)O)[C@@H](O)[C@H]1O,0.9703151,1,0.9799744,1,0.78951573,1,0.3030664,0
CC[C@H](C(=O)O)C(=O)C(O)=Cc1c[nH]c(Cl)c1Cl.Cl,CC[C@H](C(=O)O)C(=O)C(Cl)=Cc1c[nH]c(Cl)c1Cl.O,CC[C@H](C(=O)O)C(=O)C(O)=Cc1c[nH]c(Cl)c1Cl.Cl >> CC[C@H](C(=O)O)C(=O)C(Cl)=Cc1c[nH]c(Cl)c1Cl.O,rule0183_6,CC[C@H](C(=O)O)C(=O)C(O)=Cc1c[nH]c(Cl)c1Cl.Cl>>CC[C@H](C(=O)O)C(=O)C(Cl)=Cc1c[nH]c(Cl)c1Cl.O,0.9024843,1,0.9645524,1,0.75443906,1,0.7552992,1
CC[C@H](C(=O)O)C(=O)C(O)=Cc1c[nH]c(Cl)c1Cl.NC(=O)C1=CN([C@@H]2O[C@H](COP(=O)(O)OP(=O)(O)OC[C@H]3O[C@@H](n4cnc5c(N)ncnc54)[C@H](OP(=O)(O)O)[C@@H]3O)[C@@H](O)[C@H]2O)C=CC1.O=O,CC(O)[C@H](C(=O)O)C(=O)C(O)=Cc1c[nH]c(Cl)c1Cl.NC(=O)c1ccc[n+]([C@@H]2O[C@H](COP(=O)(O)OP(=O)(O)OC[C@H]3O[C@@H](n4cnc5c(N)ncnc54)[C@H](OP(=O)(O)O)[C@@H]3O)[C@@H](O)[C@H]2O)c1.O,CC[C@H](C(=O)O)C(=O)C(O)=Cc1c[nH]c(Cl)c1Cl.NC(=O)C1=CN([C@@H]2O[C@H](COP(=O)(O)OP(=O)(O)OC[C@H]3O[C@@H](n4cnc5c(N)ncnc54)[C@H](OP(=O)(O)O)[C@@H]3O)[C@@H](O)[C@H]2O)C=CC1.O=O >> CC(O)[C@H](C(=O)O)C(=O)C(O)=Cc1c[nH]c(Cl)c1Cl.NC(=O)c1ccc[n+]([C@@H]2O[C@H](COP(=O)(O)OP(=O)(O)OC[C@H]3O[C@@H](n4cnc5c(N)ncnc54)[C@H](OP(=O)(O)O)[C@@H]3O)[C@@H](O)[C@H]2O)c1.O,rule0004_13,CC[C@H](C(=O)O)C(=O)C(O)=Cc1c[nH]c(Cl)c1Cl.NC(=O)C1=CN([C@@H]2O[C@H](COP(=O)(O)OP(=O)(O)OC[C@H]3O[C@@H](n4cnc5c(N)ncnc54)[C@H](OP(=O)(O)O)[C@@H]3O)[C@@H](O)[C@H]2O)C=CC1.O=O>>CC(O)[C@H](C(=O)O)C(=O)C(O)=Cc1c[nH]c(Cl)c1Cl.NC(=O)c1ccc[n+]([C@@H]2O[C@H](COP(=O)(O)OP(=O)(O)OC[C@H]3O[C@@H](n4cnc5c(N)ncnc54)[C@H](OP(=O)(O)O)[C@@H]3O)[C@@H](O)[C@H]2O)c1.O,0.017051253,0,0.1099334,0,0.076260544,0,0.5758331,0
CC(O)[C@H]1C(=O)C(=Cc2c[nH]c(Cl)c2Cl)OC1O,CC(O)C1(O)CC(=O)C(=Cc2c[nH]c(Cl)c2Cl)O1,CC(O)[C@H]1C(=O)C(=Cc2c[nH]c(Cl)c2Cl)OC1O >> CC(O)C1(O)CC(=O)C(=Cc2c[nH]c(Cl)c2Cl)O1,rule0028_50,CC(O)[C@H]1C(=O)C(=Cc2c[nH]c(Cl)c2Cl)OC1O>>CC(O)C1(O)CC(=O)C(=Cc2c[nH]c(Cl)c2Cl)O1,0.12958427,0,0.47648802,0,0.07594663,0,0.0824279,0
O=C1C(=Cc2c[nH]c(Cl)c2Cl)OC(O)[C@H]1CCO,C[C@H]1C(=O)C(=C(CO)c2c[nH]c(Cl)c2Cl)OC1O,O=C1C(=Cc2c[nH]c(Cl)c2Cl)OC(O)[C@H]1CCO >> C[C@H]1C(=O)C(=C(CO)c2c[nH]c(Cl)c2Cl)OC1O,rule0028_50,O=C1C(=Cc2c[nH]c(Cl)c2Cl)OC(O)[C@H]1CCO>>C[C@H]1C(=O)C(=C(CO)c2c[nH]c(Cl)c2Cl)OC1O,0.039401133,0,0.10312261,0,0.88197,1,0.9519514,1
CC(=C1OC(=O)[C@@H](C)C1=O)c1c[nH]c(Cl)c1Cl.O,C[C@@H]1C(=O)OC(=C(CO)c2c[nH]c(Cl)c2Cl)C1O,CC(=C1OC(=O)[C@@H](C)C1=O)c1c[nH]c(Cl)c1Cl.O >> C[C@@H]1C(=O)OC(=C(CO)c2c[nH]c(Cl)c2Cl)C1O,rule0070_6,CC(=C1OC(=O)[C@@H](C)C1=O)c1c[nH]c(Cl)c1Cl.O>>C[C@@H]1C(=O)OC(=C(CO)c2c[nH]c(Cl)c2Cl)C1O,0.0031634457,0,0.28713137,0,0.29886058,0,0.19824438,0
CC[C@@H]1C(=O)OC(=C(C)c2c[nH]c(Cl)c2Cl)C1=O,CC(C)[C@@H]1C(=O)OC(=Cc2c[nH]c(Cl)c2Cl)C1=O,CC[C@@H]1C(=O)OC(=C(C)c2c[nH]c(Cl)c2Cl)C1=O >> CC(C)[C@@H]1C(=O)OC(=Cc2c[nH]c(Cl)c2Cl)C1=O,rule0028_51,CC[C@@H]1C(=O)OC(=C(C)c2c[nH]c(Cl)c2Cl)C1=O>>CC(C)[C@@H]1C(=O)OC(=Cc2c[nH]c(Cl)c2Cl)C1=O,0.0024949922,0,0.14506568,0,0.20968005,0,0.010319301,0
CC(O)[C@H]1C(=O)C(=Cc2c[nH]c(Cl)c2Cl)OC1O,CC(=C1OC(O)[C@@H](CO)C1=O)c1c[nH]c(Cl)c1Cl,CC(O)[C@H]1C(=O)C(=Cc2c[nH]c(Cl)c2Cl)OC1O >> CC(=C1OC(O)[C@@H](CO)C1=O)c1c[nH]c(Cl)c1Cl,rule0028_51,CC(O)[C@H]1C(=O)C(=Cc2c[nH]c(Cl)c2Cl)OC1O>>CC(=C1OC(O)[C@@H](CO)C1=O)c1c[nH]c(Cl)c1Cl,0.118015625,0,0.151303,0,0.47874275,0,0.37854668,0
CC[C@H](C(=O)O)C(=O)C(O)=Cc1c[nH]c(Cl)c1Cl,CC[C@H](C(=O)O)C(=C(O)C=O)c1c[nH]c(Cl)c1Cl,CC[C@H](C(=O)O)C(=O)C(O)=Cc1c[nH]c(Cl)c1Cl >> CC[C@H](C(=O)O)C(=C(O)C=O)c1c[nH]c(Cl)c1Cl,rule0028_46,CC[C@H](C(=O)O)C(=O)C(O)=Cc1c[nH]c(Cl)c1Cl>>CC[C@H](C(=O)O)C(=C(O)C=O)c1c[nH]c(Cl)c1Cl,0.02087298,0,0.027219363,0,0.0020932984,0,0.050584245,0
O=C1C(=Cc2c[nH]c(Cl)c2Cl)OC(O)[C@H]1CCO.O=C1C(=Cc2c[nH]c(Cl)c2Cl)OC(O)[C@H]1CCO,C[C@H]1C(=O)C(=Cc2c[nH]c(Cl)c2Cl)OC1O.O=C1C(=C(CO)c2c[nH]c(Cl)c2Cl)OC(O)[C@H]1CCO,O=C1C(=Cc2c[nH]c(Cl)c2Cl)OC(O)[C@H]1CCO.O=C1C(=Cc2c[nH]c(Cl)c2Cl)OC(O)[C@H]1CCO >> C[C@H]1C(=O)C(=Cc2c[nH]c(Cl)c2Cl)OC1O.O=C1C(=C(CO)c2c[nH]c(Cl)c2Cl)OC(O)[C@H]1CCO,rule0126_2,O=C1C(=Cc2c[nH]c(Cl)c2Cl)OC(O)[C@H]1CCO.O=C1C(=Cc2c[nH]c(Cl)c2Cl)OC(O)[C@H]1CCO>>C[C@H]1C(=O)C(=Cc2c[nH]c(Cl)c2Cl)OC1O.O=C1C(=C(CO)c2c[nH]c(Cl)c2Cl)OC(O)[C@H]1CCO,0.0089701135,0,0.010754727,0,0.0035861013,0,0.71286005,1
C#N.CC[C@H](C(=O)O)C(=O)C(O)=Cc1c[nH]c(Cl)c1Cl,CC[C@H](C(=O)O)C(O)(C#N)C(O)=Cc1c[nH]c(Cl)c1Cl,C#N.CC[C@H](C(=O)O)C(=O)C(O)=Cc1c[nH]c(Cl)c1Cl >> CC[C@H](C(=O)O)C(O)(C#N)C(O)=Cc1c[nH]c(Cl)c1Cl,rule0393_7,C#N.CC[C@H](C(=O)O)C(=O)C(O)=Cc1c[nH]c(Cl)c1Cl>>CC[C@H](C(=O)O)C(O)(C#N)C(O)=Cc1c[nH]c(Cl)c1Cl,0.093950234,0,0.031712722,0,0.04109521,0,0.007108584,0
CC(O)[C@@H]1C(=O)OC(=Cc2c[nH]c(Cl)c2Cl)C1O.NC(=O)c1ccc[n+]([C@@H]2O[C@H](COP(=O)(O)OP(=O)(O)OC[C@H]3O[C@@H](n4cnc5c(N)ncnc54)[C@H](OP(=O)(O)O)[C@@H]3O)[C@@H](O)[C@H]2O)c1.O,CC[C@@H]1C(=O)OC(=Cc2c[nH]c(Cl)c2Cl)C1O.NC(=O)C1=CN([C@@H]2O[C@H](COP(=O)(O)OP(=O)(O)OC[C@H]3O[C@@H](n4cnc5c(N)ncnc54)[C@H](OP(=O)(O)O)[C@@H]3O)[C@@H](O)[C@H]2O)C=CC1.O=O,CC(O)[C@@H]1C(=O)OC(=Cc2c[nH]c(Cl)c2Cl)C1O.NC(=O)c1ccc[n+]([C@@H]2O[C@H](COP(=O)(O)OP(=O)(O)OC[C@H]3O[C@@H](n4cnc5c(N)ncnc54)[C@H](OP(=O)(O)O)[C@@H]3O)[C@@H](O)[C@H]2O)c1.O >> CC[C@@H]1C(=O)OC(=Cc2c[nH]c(Cl)c2Cl)C1O.NC(=O)C1=CN([C@@H]2O[C@H](COP(=O)(O)OP(=O)(O)OC[C@H]3O[C@@H](n4cnc5c(N)ncnc54)[C@H](OP(=O)(O)O)[C@@H]3O)[C@@H](O)[C@H]2O)C=CC1.O=O,rule0005_61,CC(O)[C@@H]1C(=O)OC(=Cc2c[nH]c(Cl)c2Cl)C1O.NC(=O)c1ccc[n+]([C@@H]2O[C@H](COP(=O)(O)OP(=O)(O)OC[C@H]3O[C@@H](n4cnc5c(N)ncnc54)[C@H](OP(=O)(O)O)[C@@H]3O)[C@@H](O)[C@H]2O)c1.O>>CC[C@@H]1C(=O)OC(=Cc2c[nH]c(Cl)c2Cl)C1O.NC(=O)C1=CN([C@@H]2O[C@H](COP(=O)(O)OP(=O)(O)OC[C@H]3O[C@@H](n4cnc5c(N)ncnc54)[C@H](OP(=O)(O)O)[C@@H]3O)[C@@H](O)[C@H]2O)C=CC1.O=O,5.0810937e-05,0,6.4515625e-05,0,0.0018959732,0,0.000307064,0
CC[C@@H]1C(=O)OC(=Cc2c(C)[nH]c(Cl)c2Cl)C1=O.NC(=O)C1=CN([C@@H]2O[C@H](COP(=O)(O)OP(=O)(O)OC[C@H]3O[C@@H](n4cnc5c(N)ncnc54)[C@H](OP(=O)(O)O)[C@@H]3O)[C@@H](O)[C@H]2O)C=CC1.O=O,Cc1[nH]c(Cl)c(Cl)c1C=C1OC(=O)[C@@H](CCO)C1=O.NC(=O)c1ccc[n+]([C@@H]2O[C@H](COP(=O)(O)OP(=O)(O)OC[C@H]3O[C@@H](n4cnc5c(N)ncnc54)[C@H](OP(=O)(O)O)[C@@H]3O)[C@@H](O)[C@H]2O)c1.O,CC[C@@H]1C(=O)OC(=Cc2c(C)[nH]c(Cl)c2Cl)C1=O.NC(=O)C1=CN([C@@H]2O[C@H](COP(=O)(O)OP(=O)(O)OC[C@H]3O[C@@H](n4cnc5c(N)ncnc54)[C@H](OP(=O)(O)O)[C@@H]3O)[C@@H](O)[C@H]2O)C=CC1.O=O >> Cc1[nH]c(Cl)c(Cl)c1C=C1OC(=O)[C@@H](CCO)C1=O.NC(=O)c1ccc[n+]([C@@H]2O[C@H](COP(=O)(O)OP(=O)(O)OC[C@H]3O[C@@H](n4cnc5c(N)ncnc54)[C@H](OP(=O)(O)O)[C@@H]3O)[C@@H](O)[C@H]2O)c1.O,rule0004_13,CC[C@@H]1C(=O)OC(=Cc2c(C)[nH]c(Cl)c2Cl)C1=O.NC(=O)C1=CN([C@@H]2O[C@H](COP(=O)(O)OP(=O)(O)OC[C@H]3O[C@@H](n4cnc5c(N)ncnc54)[C@H](OP(=O)(O)O)[C@@H]3O)[C@@H](O)[C@H]2O)C=CC1.O=O>>Cc1[nH]c(Cl)c(Cl)c1C=C1OC(=O)[C@@H](CCO)C1=O.NC(=O)c1ccc[n+]([C@@H]2O[C@H](COP(=O)(O)OP(=O)(O)OC[C@H]3O[C@@H](n4cnc5c(N)ncnc54)[C@H](OP(=O)(O)O)[C@@H]3O)[C@@H](O)[C@H]2O)c1.O,0.0016068975,0,0.037226386,0,0.0019911486,0,0.22765575,0
CC(O)[C@H]1C(=O)C(=Cc2c[nH]c(Cl)c2Cl)OC1O.CC(O)[C@H]1C(=O)C(=Cc2c[nH]c(Cl)c2Cl)OC1O,CC(O)[C@]1(C)C(=O)C(=Cc2c[nH]c(Cl)c2Cl)OC1O.O=C1C(=Cc2c[nH]c(Cl)c2Cl)OC(O)[C@H]1CO,CC(O)[C@H]1C(=O)C(=Cc2c[nH]c(Cl)c2Cl)OC1O.CC(O)[C@H]1C(=O)C(=Cc2c[nH]c(Cl)c2Cl)OC1O >> CC(O)[C@]1(C)C(=O)C(=Cc2c[nH]c(Cl)c2Cl)OC1O.O=C1C(=Cc2c[nH]c(Cl)c2Cl)OC(O)[C@H]1CO,rule0126_2,CC(O)[C@H]1C(=O)C(=Cc2c[nH]c(Cl)c2Cl)OC1O.CC(O)[C@H]1C(=O)C(=Cc2c[nH]c(Cl)c2Cl)OC1O>>CC(O)[C@]1(C)C(=O)C(=Cc2c[nH]c(Cl)c2Cl)OC1O.O=C1C(=Cc2c[nH]c(Cl)c2Cl)OC(O)[C@H]1CO,0.08853717,0,0.036027893,0,0.0044279746,0,0.04882781,0
CC[C@H](C(=O)O)C(=O)C(O)=Cc1c[nH]c(Cl)c1Cl,O=C(C(O)=Cc1c[nH]c(Cl)c1Cl)[C@@H]1CCOC1O,CC[C@H](C(=O)O)C(=O)C(O)=Cc1c[nH]c(Cl)c1Cl >> O=C(C(O)=Cc1c[nH]c(Cl)c1Cl)[C@@H]1CCOC1O,rule0169_1,CC[C@H](C(=O)O)C(=O)C(O)=Cc1c[nH]c(Cl)c1Cl>>O=C(C(O)=Cc1c[nH]c(Cl)c1Cl)[C@@H]1CCOC1O,0.010288748,0,0.034272887,0,0.025783151,0,0.049907275,0
CC(=C1OC(=O)[C@@H](C)C1=O)c1c[nH]c(Cl)c1Cl.O,CC(=C(O)C(=O)[C@H](C)C(=O)O)c1c[nH]c(Cl)c1Cl,CC(=C1OC(=O)[C@@H](C)C1=O)c1c[nH]c(Cl)c1Cl.O >> CC(=C(O)C(=O)[C@H](C)C(=O)O)c1c[nH]c(Cl)c1Cl,rule0035_7,CC(=C1OC(=O)[C@@H](C)C1=O)c1c[nH]c(Cl)c1Cl.O>>CC(=C(O)C(=O)[C@H](C)C(=O)O)c1c[nH]c(Cl)c1Cl,0.8394808,1,0.95980936,1,0.5147642,0,0.8606656,1
O=C1C(=Cc2c[nH]c(Cl)c2Cl)OC(O)[C@H]1CCO,C[C@H]1C(=O)C(=Cc2c[nH]c(Cl)c2Cl)OC1(O)CO,O=C1C(=Cc2c[nH]c(Cl)c2Cl)OC(O)[C@H]1CCO >> C[C@H]1C(=O)C(=Cc2c[nH]c(Cl)c2Cl)OC1(O)CO,rule0028_50,O=C1C(=Cc2c[nH]c(Cl)c2Cl)OC(O)[C@H]1CCO>>C[C@H]1C(=O)C(=Cc2c[nH]c(Cl)c2Cl)OC1(O)CO,0.120799094,0,0.123754255,0,0.08721305,0,0.78173184,1
O=C(O)CC[C@@H]1C(=O)OC(=Cc2c[nH]c(Cl)c2Cl)C1=O,O.O=C1CC1[C@@H]1C(=O)OC(=Cc2c[nH]c(Cl)c2Cl)C1=O,O=C(O)CC[C@@H]1C(=O)OC(=Cc2c[nH]c(Cl)c2Cl)C1=O >> O.O=C1CC1[C@@H]1C(=O)OC(=Cc2c[nH]c(Cl)c2Cl)C1=O,rule0245_1,O=C(O)CC[C@@H]1C(=O)OC(=Cc2c[nH]c(Cl)c2Cl)C1=O>>O.O=C1CC1[C@@H]1C(=O)OC(=Cc2c[nH]c(Cl)c2Cl)C1=O,0.007302847,0,0.002418071,0,0.035360858,0,0.1176624,0
CC(O)[C@@H]1C(=O)OC(=Cc2c[nH]c(Cl)c2Cl)C1=O.CC(O)[C@@H]1C(=O)OC(=Cc2c[nH]c(Cl)c2Cl)C1=O,CC(C)(O)[C@@H]1C(=O)OC(=Cc2c[nH]c(Cl)c2Cl)C1=O.O=C1OC(=Cc2c[nH]c(Cl)c2Cl)C(=O)[C@@H]1CO,CC(O)[C@@H]1C(=O)OC(=Cc2c[nH]c(Cl)c2Cl)C1=O.CC(O)[C@@H]1C(=O)OC(=Cc2c[nH]c(Cl)c2Cl)C1=O >> CC(C)(O)[C@@H]1C(=O)OC(=Cc2c[nH]c(Cl)c2Cl)C1=O.O=C1OC(=Cc2c[nH]c(Cl)c2Cl)C(=O)[C@@H]1CO,rule0126_2,CC(O)[C@@H]1C(=O)OC(=Cc2c[nH]c(Cl)c2Cl)C1=O.CC(O)[C@@H]1C(=O)OC(=Cc2c[nH]c(Cl)c2Cl)C1=O>>CC(C)(O)[C@@H]1C(=O)OC(=Cc2c[nH]c(Cl)c2Cl)C1=O.O=C1OC(=Cc2c[nH]c(Cl)c2Cl)C(=O)[C@@H]1CO,0.00011845045,0,0.00015241114,0,0.0043664286,0,0.25654182,0
N.O=C(O)CC[C@@H]1C(=O)OC(=Cc2c[nH]c(Cl)c2Cl)C1=O,NC(=O)CC[C@@H]1C(=O)OC(=Cc2c[nH]c(Cl)c2Cl)C1=O.O,N.O=C(O)CC[C@@H]1C(=O)OC(=Cc2c[nH]c(Cl)c2Cl)C1=O >> NC(=O)CC[C@@H]1C(=O)OC(=Cc2c[nH]c(Cl)c2Cl)C1=O.O,rule0055_2,N.O=C(O)CC[C@@H]1C(=O)OC(=Cc2c[nH]c(Cl)c2Cl)C1=O>>NC(=O)CC[C@@H]1C(=O)OC(=Cc2c[nH]c(Cl)c2Cl)C1=O.O,0.0011284067,0,0.0012089649,0,0.088408,0,0.168255,0
CCc1[nH]c(Cl)c(Cl)c1C=C1OC(=O)CC1=O.O,O=C1CC(O)OC1=Cc1c(CCO)[nH]c(Cl)c1Cl,CCc1[nH]c(Cl)c(Cl)c1C=C1OC(=O)CC1=O.O >> O=C1CC(O)OC1=Cc1c(CCO)[nH]c(Cl)c1Cl,rule0070_6,CCc1[nH]c(Cl)c(Cl)c1C=C1OC(=O)CC1=O.O>>O=C1CC(O)OC1=Cc1c(CCO)[nH]c(Cl)c1Cl,0.0006500587,0,0.0020289875,0,0.018128175,0,0.010302041,0
CC[C@H](C(=O)O)C(=O)C(O)=Cc1c[nH]c(Cl)c1Cl,CC[C@H]1C(=O)C(=Cc2c[nH]c(Cl)c2Cl)OC1(O)O,CC[C@H](C(=O)O)C(=O)C(O)=Cc1c[nH]c(Cl)c1Cl >> CC[C@H]1C(=O)C(=Cc2c[nH]c(Cl)c2Cl)OC1(O)O,rule0063_1,CC[C@H](C(=O)O)C(=O)C(O)=Cc1c[nH]c(Cl)c1Cl>>CC[C@H]1C(=O)C(=Cc2c[nH]c(Cl)c2Cl)OC1(O)O,0.02819998,0,0.03388693,0,0.12925409,0,0.12292519,0
CCc1[nH]c(Cl)c(Cl)c1C=C1OC(=O)CC1=O.O,O=C1CC(O)C(=Cc2c(CCO)[nH]c(Cl)c2Cl)O1,CCc1[nH]c(Cl)c(Cl)c1C=C1OC(=O)CC1=O.O >> O=C1CC(O)C(=Cc2c(CCO)[nH]c(Cl)c2Cl)O1,rule0070_6,CCc1[nH]c(Cl)c(Cl)c1C=C1OC(=O)CC1=O.O>>O=C1CC(O)C(=Cc2c(CCO)[nH]c(Cl)c2Cl)O1,0.03526103,0,0.0012124493,0,0.056544967,0,0.029787442,0
CC(O)[C@@H]1C(=O)OC(=Cc2c[nH]c(Cl)c2Cl)C1=O.O,O=C1C(=Cc2c[nH]c(Cl)c2Cl)OC(O)[C@H]1C(O)CO,CC(O)[C@@H]1C(=O)OC(=Cc2c[nH]c(Cl)c2Cl)C1=O.O >> O=C1C(=Cc2c[nH]c(Cl)c2Cl)OC(O)[C@H]1C(O)CO,rule0070_6,CC(O)[C@@H]1C(=O)OC(=Cc2c[nH]c(Cl)c2Cl)C1=O.O>>O=C1C(=Cc2c[nH]c(Cl)c2Cl)OC(O)[C@H]1C(O)CO,0.00022483079,0,0.22484256,0,0.26775035,0,0.50266224,0
CC(O)[C@@H]1C(=O)OC(=Cc2c[nH]c(Cl)c2Cl)C1O.O=O,CC(=O)[C@@H]1C(=O)OC(=Cc2c[nH]c(Cl)c2Cl)C1O.OO,CC(O)[C@@H]1C(=O)OC(=Cc2c[nH]c(Cl)c2Cl)C1O.O=O >> CC(=O)[C@@H]1C(=O)OC(=Cc2c[nH]c(Cl)c2Cl)C1O.OO,rule0074_18,CC(O)[C@@H]1C(=O)OC(=Cc2c[nH]c(Cl)c2Cl)C1O.O=O>>CC(=O)[C@@H]1C(=O)OC(=Cc2c[nH]c(Cl)c2Cl)C1O.OO,0.062407304,0,0.3168257,0,0.6263995,1,0.41190216,0
CC[C@H](C(=O)O)C(=O)C(O)=Cc1c[nH]c(Cl)c1Cl.NC(=O)C1=CN([C@@H]2O[C@H](COP(=O)(O)OP(=O)(O)OC[C@H]3O[C@@H](n4cnc5c(N)ncnc54)[C@H](OP(=O)(O)O)[C@@H]3O)[C@@H](O)[C@H]2O)C=CC1,CC[C@H](C(=O)O)C(=O)C(O)Cc1c[nH]c(Cl)c1Cl.NC(=O)c1ccc[n+]([C@@H]2O[C@H](COP(=O)(O)OP(=O)(O)OC[C@H]3O[C@@H](n4cnc5c(N)ncnc54)[C@H](OP(=O)(O)O)[C@@H]3O)[C@@H](O)[C@H]2O)c1,CC[C@H](C(=O)O)C(=O)C(O)=Cc1c[nH]c(Cl)c1Cl.NC(=O)C1=CN([C@@H]2O[C@H](COP(=O)(O)OP(=O)(O)OC[C@H]3O[C@@H](n4cnc5c(N)ncnc54)[C@H](OP(=O)(O)O)[C@@H]3O)[C@@H](O)[C@H]2O)C=CC1 >> CC[C@H](C(=O)O)C(=O)C(O)Cc1c[nH]c(Cl)c1Cl.NC(=O)c1ccc[n+]([C@@H]2O[C@H](COP(=O)(O)OP(=O)(O)OC[C@H]3O[C@@H](n4cnc5c(N)ncnc54)[C@H](OP(=O)(O)O)[C@@H]3O)[C@@H](O)[C@H]2O)c1,rule0027_65,CC[C@H](C(=O)O)C(=O)C(O)=Cc1c[nH]c(Cl)c1Cl.NC(=O)C1=CN([C@@H]2O[C@H](COP(=O)(O)OP(=O)(O)OC[C@H]3O[C@@H](n4cnc5c(N)ncnc54)[C@H](OP(=O)(O)O)[C@@H]3O)[C@@H](O)[C@H]2O)C=CC1>>CC[C@H](C(=O)O)C(=O)C(O)Cc1c[nH]c(Cl)c1Cl.NC(=O)c1ccc[n+]([C@@H]2O[C@H](COP(=O)(O)OP(=O)(O)OC[C@H]3O[C@@H](n4cnc5c(N)ncnc54)[C@H](OP(=O)(O)O)[C@@H]3O)[C@@H](O)[C@H]2O)c1,0.3799525,0,0.99149984,1,0.83873945,1,0.8067339,1
CC(O)[C@H]1C(=O)C(=Cc2c[nH]c(Cl)c2Cl)OC1O,CC[C@@H]1C(=O)OC(=Cc2c[nH]c(Cl)c2Cl)C1=O.O,CC(O)[C@H]1C(=O)C(=Cc2c[nH]c(Cl)c2Cl)OC1O >> CC[C@@H]1C(=O)OC(=Cc2c[nH]c(Cl)c2Cl)C1=O.O,rule0071_5,CC(O)[C@H]1C(=O)C(=Cc2c[nH]c(Cl)c2Cl)OC1O>>CC[C@@H]1C(=O)OC(=Cc2c[nH]c(Cl)c2Cl)C1=O.O,0.02917272,0,0.8885304,1,0.45705906,0,0.6867794,1
CC(O)[C@H]1C(=O)C(=Cc2c[nH]c(Cl)c2Cl)OC1O.C[S+](CC[C@H](N)C(=O)O)C[C@H]1O[C@@H](n2cnc3c(N)ncnc32)[C@H](O)[C@@H]1O,CCC(O)[C@H]1C(=O)C(=Cc2c[nH]c(Cl)c2Cl)OC1O.Nc1ncnc2c1ncn2[C@@H]1O[C@H](CSCC[C@H](N)C(=O)O)[C@@H](O)[C@H]1O,CC(O)[C@H]1C(=O)C(=Cc2c[nH]c(Cl)c2Cl)OC1O.C[S+](CC[C@H](N)C(=O)O)C[C@H]1O[C@@H](n2cnc3c(N)ncnc32)[C@H](O)[C@@H]1O >> CCC(O)[C@H]1C(=O)C(=Cc2c[nH]c(Cl)c2Cl)OC1O.Nc1ncnc2c1ncn2[C@@H]1O[C@H](CSCC[C@H](N)C(=O)O)[C@@H](O)[C@H]1O,rule0043_12,CC(O)[C@H]1C(=O)C(=Cc2c[nH]c(Cl)c2Cl)OC1O.C[S+](CC[C@H](N)C(=O)O)C[C@H]1O[C@@H](n2cnc3c(N)ncnc32)[C@H](O)[C@@H]1O>>CCC(O)[C@H]1C(=O)C(=Cc2c[nH]c(Cl)c2Cl)OC1O.Nc1ncnc2c1ncn2[C@@H]1O[C@H](CSCC[C@H](N)C(=O)O)[C@@H](O)[C@H]1O,0.018839607,0,0.88754445,1,0.09106681,0,0.21838781,0
CCC(=C1OC(=O)CC1=O)c1c[nH]c(Cl)c1Cl.CCC(=C1OC(=O)CC1=O)c1c[nH]c(Cl)c1Cl,CC(=C1OC(=O)CC1=O)c1c[nH]c(Cl)c1Cl.CC(C)C(=C1OC(=O)CC1=O)c1c[nH]c(Cl)c1Cl,CCC(=C1OC(=O)CC1=O)c1c[nH]c(Cl)c1Cl.CCC(=C1OC(=O)CC1=O)c1c[nH]c(Cl)c1Cl >> CC(=C1OC(=O)CC1=O)c1c[nH]c(Cl)c1Cl.CC(C)C(=C1OC(=O)CC1=O)c1c[nH]c(Cl)c1Cl,rule0126_2,CCC(=C1OC(=O)CC1=O)c1c[nH]c(Cl)c1Cl.CCC(=C1OC(=O)CC1=O)c1c[nH]c(Cl)c1Cl>>CC(=C1OC(=O)CC1=O)c1c[nH]c(Cl)c1Cl.CC(C)C(=C1OC(=O)CC1=O)c1c[nH]c(Cl)c1Cl,0.66961664,1,0.27234432,0,0.27808756,0,0.7489882,1
*C1=C(*)C(=O)C(*)=C(*)C1=O.O=C1OC(=Cc2c[nH]c(Cl)c2Cl)C(=O)[C@@H]1CCO,*c1c(*)c(O)c(*)c(*)c1O.O=CC[C@@H]1C(=O)OC(=Cc2c[nH]c(Cl)c2Cl)C1=O,*C1=C(*)C(=O)C(*)=C(*)C1=O.O=C1OC(=Cc2c[nH]c(Cl)c2Cl)C(=O)[C@@H]1CCO >> *c1c(*)c(O)c(*)c(*)c1O.O=CC[C@@H]1C(=O)OC(=Cc2c[nH]c(Cl)c2Cl)C1=O,rule0467_8,*C1=C(*)C(=O)C(*)=C(*)C1=O.O=C1OC(=Cc2c[nH]c(Cl)c2Cl)C(=O)[C@@H]1CCO>>*c1c(*)c(O)c(*)c(*)c1O.O=CC[C@@H]1C(=O)OC(=Cc2c[nH]c(Cl)c2Cl)C1=O,0.027739419,0,0.46540207,0,0.20905899,0,0.9572039,1
CC[C@H](C(=O)O)C(=O)C(O)=Cc1c[nH]c(Cl)c1Cl,CC[C@H](C(=O)O)C(=O)C(=CO)c1c[nH]c(Cl)c1Cl,CC[C@H](C(=O)O)C(=O)C(O)=Cc1c[nH]c(Cl)c1Cl >> CC[C@H](C(=O)O)C(=O)C(=CO)c1c[nH]c(Cl)c1Cl,rule0028_47,CC[C@H](C(=O)O)C(=O)C(O)=Cc1c[nH]c(Cl)c1Cl>>CC[C@H](C(=O)O)C(=O)C(=CO)c1c[nH]c(Cl)c1Cl,0.14592913,0,0.44230863,0,0.0018790211,0,0.026836418,0
CC[C@H](C(=O)O)C(=O)C(O)=Cc1c[nH]c(Cl)c1Cl.NC(=O)C1=CN([C@@H]2O[C@H](COP(=O)(O)OP(=O)(O)OC[C@H]3O[C@@H](n4cnc5c(N)ncnc54)[C@H](OP(=O)(O)O)[C@@H]3O)[C@@H](O)[C@H]2O)C=CC1.NC(=O)C1=CN([C@@H]2O[C@H](COP(=O)(O)OP(=O)(O)OC[C@H]3O[C@@H](n4cnc5c(N)ncnc54)[C@H](OP(=O)(O)O)[C@@H]3O)[C@@H](O)[C@H]2O)C=CC1,CC[C@H](CO)C(=O)C(O)=Cc1c[nH]c(Cl)c1Cl.NC(=O)c1ccc[n+]([C@@H]2O[C@H](COP(=O)(O)OP(=O)(O)OC[C@H]3O[C@@H](n4cnc5c(N)ncnc54)[C@H](OP(=O)(O)O)[C@@H]3O)[C@@H](O)[C@H]2O)c1.NC(=O)c1ccc[n+]([C@@H]2O[C@H](COP(=O)(O)OP(=O)(O)OC[C@H]3O[C@@H](n4cnc5c(N)ncnc54)[C@H](OP(=O)(O)O)[C@@H]3O)[C@@H](O)[C@H]2O)c1.O,CC[C@H](C(=O)O)C(=O)C(O)=Cc1c[nH]c(Cl)c1Cl.NC(=O)C1=CN([C@@H]2O[C@H](COP(=O)(O)OP(=O)(O)OC[C@H]3O[C@@H](n4cnc5c(N)ncnc54)[C@H](OP(=O)(O)O)[C@@H]3O)[C@@H](O)[C@H]2O)C=CC1.NC(=O)C1=CN([C@@H]2O[C@H](COP(=O)(O)OP(=O)(O)OC[C@H]3O[C@@H](n4cnc5c(N)ncnc54)[C@H](OP(=O)(O)O)[C@@H]3O)[C@@H](O)[C@H]2O)C=CC1 >> CC[C@H](CO)C(=O)C(O)=Cc1c[nH]c(Cl)c1Cl.NC(=O)c1ccc[n+]([C@@H]2O[C@H](COP(=O)(O)OP(=O)(O)OC[C@H]3O[C@@H](n4cnc5c(N)ncnc54)[C@H](OP(=O)(O)O)[C@@H]3O)[C@@H](O)[C@H]2O)c1.NC(=O)c1ccc[n+]([C@@H]2O[C@H](COP(=O)(O)OP(=O)(O)OC[C@H]3O[C@@H](n4cnc5c(N)ncnc54)[C@H](OP(=O)(O)O)[C@@H]3O)[C@@H](O)[C@H]2O)c1.O,rule0164_2,CC[C@H](C(=O)O)C(=O)C(O)=Cc1c[nH]c(Cl)c1Cl.NC(=O)C1=CN([C@@H]2O[C@H](COP(=O)(O)OP(=O)(O)OC[C@H]3O[C@@H](n4cnc5c(N)ncnc54)[C@H](OP(=O)(O)O)[C@@H]3O)[C@@H](O)[C@H]2O)C=CC1.NC(=O)C1=CN([C@@H]2O[C@H](COP(=O)(O)OP(=O)(O)OC[C@H]3O[C@@H](n4cnc5c(N)ncnc54)[C@H](OP(=O)(O)O)[C@@H]3O)[C@@H](O)[C@H]2O)C=CC1>>CC[C@H](CO)C(=O)C(O)=Cc1c[nH]c(Cl)c1Cl.NC(=O)c1ccc[n+]([C@@H]2O[C@H](COP(=O)(O)OP(=O)(O)OC[C@H]3O[C@@H](n4cnc5c(N)ncnc54)[C@H](OP(=O)(O)O)[C@@H]3O)[C@@H](O)[C@H]2O)c1.NC(=O)c1ccc[n+]([C@@H]2O[C@H](COP(=O)(O)OP(=O)(O)OC[C@H]3O[C@@H](n4cnc5c(N)ncnc54)[C@H](OP(=O)(O)O)[C@@H]3O)[C@@H](O)[C@H]2O)c1.O,0.6970187,1,0.20749739,0,0.41361383,0,0.71076584,1
CC(=C1OC(=O)[C@@H](C)C1=O)c1c[nH]c(Cl)c1Cl.O,CC(c1c[nH]c(Cl)c1Cl)C1(O)OC(=O)[C@@H](C)C1=O,CC(=C1OC(=O)[C@@H](C)C1=O)c1c[nH]c(Cl)c1Cl.O >> CC(c1c[nH]c(Cl)c1Cl)C1(O)OC(=O)[C@@H](C)C1=O,rule0020_19,CC(=C1OC(=O)[C@@H](C)C1=O)c1c[nH]c(Cl)c1Cl.O>>CC(c1c[nH]c(Cl)c1Cl)C1(O)OC(=O)[C@@H](C)C1=O,0.0045009237,0,0.04244536,0,0.073305294,0,0.024172373,0
C[S+](CC[C@H](N)C(=O)O)C[C@H]1O[C@@H](n2cnc3c(N)ncnc32)[C@H](O)[C@@H]1O.O=C1OC(=Cc2c[nH]c(Cl)c2Cl)C(O)[C@@H]1CCO,CC(O)C[C@@H]1C(=O)OC(=Cc2c[nH]c(Cl)c2Cl)C1O.Nc1ncnc2c1ncn2[C@@H]1O[C@H](CSCC[C@H](N)C(=O)O)[C@@H](O)[C@H]1O,C[S+](CC[C@H](N)C(=O)O)C[C@H]1O[C@@H](n2cnc3c(N)ncnc32)[C@H](O)[C@@H]1O.O=C1OC(=Cc2c[nH]c(Cl)c2Cl)C(O)[C@@H]1CCO >> CC(O)C[C@@H]1C(=O)OC(=Cc2c[nH]c(Cl)c2Cl)C1O.Nc1ncnc2c1ncn2[C@@H]1O[C@H](CSCC[C@H](N)C(=O)O)[C@@H](O)[C@H]1O,rule0043_12,C[S+](CC[C@H](N)C(=O)O)C[C@H]1O[C@@H](n2cnc3c(N)ncnc32)[C@H](O)[C@@H]1O.O=C1OC(=Cc2c[nH]c(Cl)c2Cl)C(O)[C@@H]1CCO>>CC(O)C[C@@H]1C(=O)OC(=Cc2c[nH]c(Cl)c2Cl)C1O.Nc1ncnc2c1ncn2[C@@H]1O[C@H](CSCC[C@H](N)C(=O)O)[C@@H](O)[C@H]1O,0.8424356,1,0.98235184,1,0.31556496,0,0.5288691,0
CC[C@@H]1C(=O)OC(=Cc2c(C)[nH]c(Cl)c2Cl)C1=O.O,Cc1[nH]c(Cl)c(Cl)c1C=C1OC(=O)[C@@H](CCO)C1O,CC[C@@H]1C(=O)OC(=Cc2c(C)[nH]c(Cl)c2Cl)C1=O.O >> Cc1[nH]c(Cl)c(Cl)c1C=C1OC(=O)[C@@H](CCO)C1O,rule0070_6,CC[C@@H]1C(=O)OC(=Cc2c(C)[nH]c(Cl)c2Cl)C1=O.O>>Cc1[nH]c(Cl)c(Cl)c1C=C1OC(=O)[C@@H](CCO)C1O,0.00010127769,0,0.20638883,0,0.0019041463,0,0.030921493,0
CC(C(=O)O)[C@@H]1C(=O)OC(=Cc2c[nH]c(Cl)c2Cl)C1=O,CC1C(O)Oc2[nH]c(Cl)c(Cl)c2C=C2OC(=O)[C@@H]1C2=O,CC(C(=O)O)[C@@H]1C(=O)OC(=Cc2c[nH]c(Cl)c2Cl)C1=O >> CC1C(O)Oc2[nH]c(Cl)c(Cl)c2C=C2OC(=O)[C@@H]1C2=O,rule0169_1,CC(C(=O)O)[C@@H]1C(=O)OC(=Cc2c[nH]c(Cl)c2Cl)C1=O>>CC1C(O)Oc2[nH]c(Cl)c(Cl)c2C=C2OC(=O)[C@@H]1C2=O,0.008318496,0,0.55479157,0,0.20266353,0,0.3371592,0
CCC(=C1OC(=O)CC1=O)c1c[nH]c(Cl)c1Cl.CCC(=C1OC(=O)CC1=O)c1c[nH]c(Cl)c1Cl,CC(=C1OC(=O)CC1=O)c1c[nH]c(Cl)c1Cl.CCCC(=C1OC(=O)CC1=O)c1c[nH]c(Cl)c1Cl,CCC(=C1OC(=O)CC1=O)c1c[nH]c(Cl)c1Cl.CCC(=C1OC(=O)CC1=O)c1c[nH]c(Cl)c1Cl >> CC(=C1OC(=O)CC1=O)c1c[nH]c(Cl)c1Cl.CCCC(=C1OC(=O)CC1=O)c1c[nH]c(Cl)c1Cl,rule0126_2,CCC(=C1OC(=O)CC1=O)c1c[nH]c(Cl)c1Cl.CCC(=C1OC(=O)CC1=O)c1c[nH]c(Cl)c1Cl>>CC(=C1OC(=O)CC1=O)c1c[nH]c(Cl)c1Cl.CCCC(=C1OC(=O)CC1=O)c1c[nH]c(Cl)c1Cl,0.89597154,1,0.21491864,0,0.105660506,0,0.7364166,1
CC(=C1OC(=O)[C@@H](C)C1=O)c1c[nH]c(Cl)c1Cl.O,C[C@H]1C(=O)C(=C(CO)c2c[nH]c(Cl)c2Cl)OC1O,CC(=C1OC(=O)[C@@H](C)C1=O)c1c[nH]c(Cl)c1Cl.O >> C[C@H]1C(=O)C(=C(CO)c2c[nH]c(Cl)c2Cl)OC1O,rule0070_6,CC(=C1OC(=O)[C@@H](C)C1=O)c1c[nH]c(Cl)c1Cl.O>>C[C@H]1C(=O)C(=C(CO)c2c[nH]c(Cl)c2Cl)OC1O,0.0008327616,0,0.6134361,1,0.45294136,0,0.5441901,0
CC(O)[C@@H]1C(=O)OC(=Cc2c[nH]c(Cl)c2Cl)C1=O.C[S+](CC[C@H](N)C(=O)O)C[C@H]1O[C@@H](n2cnc3c(N)ncnc32)[C@H](O)[C@@H]1O,CCC(O)[C@@H]1C(=O)OC(=Cc2c[nH]c(Cl)c2Cl)C1=O.Nc1ncnc2c1ncn2[C@@H]1O[C@H](CSCC[C@H](N)C(=O)O)[C@@H](O)[C@H]1O,CC(O)[C@@H]1C(=O)OC(=Cc2c[nH]c(Cl)c2Cl)C1=O.C[S+](CC[C@H](N)C(=O)O)C[C@H]1O[C@@H](n2cnc3c(N)ncnc32)[C@H](O)[C@@H]1O >> CCC(O)[C@@H]1C(=O)OC(=Cc2c[nH]c(Cl)c2Cl)C1=O.Nc1ncnc2c1ncn2[C@@H]1O[C@H](CSCC[C@H](N)C(=O)O)[C@@H](O)[C@H]1O,rule0043_12,CC(O)[C@@H]1C(=O)OC(=Cc2c[nH]c(Cl)c2Cl)C1=O.C[S+](CC[C@H](N)C(=O)O)C[C@H]1O[C@@H](n2cnc3c(N)ncnc32)[C@H](O)[C@@H]1O>>CCC(O)[C@@H]1C(=O)OC(=Cc2c[nH]c(Cl)c2Cl)C1=O.Nc1ncnc2c1ncn2[C@@H]1O[C@H](CSCC[C@H](N)C(=O)O)[C@@H](O)[C@H]1O,0.2748771,0,0.815785,1,0.6014549,1,0.6183803,0
O=C1OC(=Cc2c[nH]c(Cl)c2Cl)C(O)[C@@H]1CCO,C[C@@]1(CO)C(=O)OC(=Cc2c[nH]c(Cl)c2Cl)C1O,O=C1OC(=Cc2c[nH]c(Cl)c2Cl)C(O)[C@@H]1CCO >> C[C@@]1(CO)C(=O)OC(=Cc2c[nH]c(Cl)c2Cl)C1O,rule0028_50,O=C1OC(=Cc2c[nH]c(Cl)c2Cl)C(O)[C@@H]1CCO>>C[C@@]1(CO)C(=O)OC(=Cc2c[nH]c(Cl)c2Cl)C1O,0.0013711753,0,0.0041663256,0,0.20996943,0,0.5459701,0
CCC[C@@H]1C(=O)OC(=Cc2c[nH]c(Cl)c2Cl)C1=O,CCCC(=C1OC(=O)CC1=O)c1c[nH]c(Cl)c1Cl,CCC[C@@H]1C(=O)OC(=Cc2c[nH]c(Cl)c2Cl)C1=O >> CCCC(=C1OC(=O)CC1=O)c1c[nH]c(Cl)c1Cl,rule0028_51,CCC[C@@H]1C(=O)OC(=Cc2c[nH]c(Cl)c2Cl)C1=O>>CCCC(=C1OC(=O)CC1=O)c1c[nH]c(Cl)c1Cl,0.8691859,1,0.9329336,1,0.95746136,1,0.74105793,1
CC[C@H](C(=O)O)C(=O)C(O)=Cc1c[nH]c(Cl)c1Cl,CC[C@H](C(=O)O)C(O)C1=C(c2c[nH]c(Cl)c2Cl)O1,CC[C@H](C(=O)O)C(=O)C(O)=Cc1c[nH]c(Cl)c1Cl >> CC[C@H](C(=O)O)C(O)C1=C(c2c[nH]c(Cl)c2Cl)O1,rule0169_1,CC[C@H](C(=O)O)C(=O)C(O)=Cc1c[nH]c(Cl)c1Cl>>CC[C@H](C(=O)O)C(O)C1=C(c2c[nH]c(Cl)c2Cl)O1,0.013743031,0,0.11555802,0,0.4250649,0,0.5900991,0
CCC(=C1OC(=O)CC1=O)c1c[nH]c(Cl)c1Cl.O,O=C1CC(O)C(=C(CCO)c2c[nH]c(Cl)c2Cl)O1,CCC(=C1OC(=O)CC1=O)c1c[nH]c(Cl)c1Cl.O >> O=C1CC(O)C(=C(CCO)c2c[nH]c(Cl)c2Cl)O1,rule0070_6,CCC(=C1OC(=O)CC1=O)c1c[nH]c(Cl)c1Cl.O>>O=C1CC(O)C(=C(CCO)c2c[nH]c(Cl)c2Cl)O1,0.0006882659,0,0.018295808,0,0.08426315,0,0.004226497,0
*C1=C(*)C(=O)C(*)=C(*)C1=O.O=C1OC(=Cc2c[nH]c(Cl)c2Cl)C(O)[C@@H]1CCO,*c1c(*)c(O)c(*)c(*)c1O.O=CC[C@@H]1C(=O)OC(=Cc2c[nH]c(Cl)c2Cl)C1O,*C1=C(*)C(=O)C(*)=C(*)C1=O.O=C1OC(=Cc2c[nH]c(Cl)c2Cl)C(O)[C@@H]1CCO >> *c1c(*)c(O)c(*)c(*)c1O.O=CC[C@@H]1C(=O)OC(=Cc2c[nH]c(Cl)c2Cl)C1O,rule0467_8,*C1=C(*)C(=O)C(*)=C(*)C1=O.O=C1OC(=Cc2c[nH]c(Cl)c2Cl)C(O)[C@@H]1CCO>>*c1c(*)c(O)c(*)c(*)c1O.O=CC[C@@H]1C(=O)OC(=Cc2c[nH]c(Cl)c2Cl)C1O,0.109427966,0,0.7482114,1,0.046516825,0,0.9564945,1
NC(=O)C1=CN([C@@H]2O[C@H](COP(=O)(O)OP(=O)(O)OC[C@H]3O[C@@H](n4cnc5c(N)ncnc54)[C@H](OP(=O)(O)O)[C@@H]3O)[C@@H](O)[C@H]2O)C=CC1.O=C1C(=Cc2c[nH]c(Cl)c2Cl)OC(O)[C@H]1CCO.O=O,NC(=O)c1ccc[n+]([C@@H]2O[C@H](COP(=O)(O)OP(=O)(O)OC[C@H]3O[C@@H](n4cnc5c(N)ncnc54)[C@H](OP(=O)(O)O)[C@@H]3O)[C@@H](O)[C@H]2O)c1.O.O=C1C(=Cc2c[nH]c(Cl)c2Cl)OC(O)[C@H]1CC(O)O,NC(=O)C1=CN([C@@H]2O[C@H](COP(=O)(O)OP(=O)(O)OC[C@H]3O[C@@H](n4cnc5c(N)ncnc54)[C@H](OP(=O)(O)O)[C@@H]3O)[C@@H](O)[C@H]2O)C=CC1.O=C1C(=Cc2c[nH]c(Cl)c2Cl)OC(O)[C@H]1CCO.O=O >> NC(=O)c1ccc[n+]([C@@H]2O[C@H](COP(=O)(O)OP(=O)(O)OC[C@H]3O[C@@H](n4cnc5c(N)ncnc54)[C@H](OP(=O)(O)O)[C@@H]3O)[C@@H](O)[C@H]2O)c1.O.O=C1C(=Cc2c[nH]c(Cl)c2Cl)OC(O)[C@H]1CC(O)O,rule0004_13,NC(=O)C1=CN([C@@H]2O[C@H](COP(=O)(O)OP(=O)(O)OC[C@H]3O[C@@H](n4cnc5c(N)ncnc54)[C@H](OP(=O)(O)O)[C@@H]3O)[C@@H](O)[C@H]2O)C=CC1.O=C1C(=Cc2c[nH]c(Cl)c2Cl)OC(O)[C@H]1CCO.O=O>>NC(=O)c1ccc[n+]([C@@H]2O[C@H](COP(=O)(O)OP(=O)(O)OC[C@H]3O[C@@H](n4cnc5c(N)ncnc54)[C@H](OP(=O)(O)O)[C@@H]3O)[C@@H](O)[C@H]2O)c1.O.O=C1C(=Cc2c[nH]c(Cl)c2Cl)OC(O)[C@H]1CC(O)O,0.00037585883,0,0.11296924,0,0.06286851,0,0.10291005,0
CC[C@@H]1C(=O)OC(=Cc2c[nH]c(Cl)c2Cl)C1=O.CC[C@@H]1C(=O)OC(=Cc2c[nH]c(Cl)c2Cl)C1=O,CC[C@@H]1C(=O)OC(=Cc2c(C)[nH]c(Cl)c2Cl)C1=O.C[C@@H]1C(=O)OC(=Cc2c[nH]c(Cl)c2Cl)C1=O,CC[C@@H]1C(=O)OC(=Cc2c[nH]c(Cl)c2Cl)C1=O.CC[C@@H]1C(=O)OC(=Cc2c[nH]c(Cl)c2Cl)C1=O >> CC[C@@H]1C(=O)OC(=Cc2c(C)[nH]c(Cl)c2Cl)C1=O.C[C@@H]1C(=O)OC(=Cc2c[nH]c(Cl)c2Cl)C1=O,rule0126_2,CC[C@@H]1C(=O)OC(=Cc2c[nH]c(Cl)c2Cl)C1=O.CC[C@@H]1C(=O)OC(=Cc2c[nH]c(Cl)c2Cl)C1=O>>CC[C@@H]1C(=O)OC(=Cc2c(C)[nH]c(Cl)c2Cl)C1=O.C[C@@H]1C(=O)OC(=Cc2c[nH]c(Cl)c2Cl)C1=O,0.0015467545,0,0.00074404385,0,0.00075777876,0,0.008774093,0
CC[C@@H]1C(=O)OC(=C(C)c2c[nH]c(Cl)c2Cl)C1=O.O,CC[C@H]1C(=O)C(=C(CO)c2c[nH]c(Cl)c2Cl)OC1O,CC[C@@H]1C(=O)OC(=C(C)c2c[nH]c(Cl)c2Cl)C1=O.O >> CC[C@H]1C(=O)C(=C(CO)c2c[nH]c(Cl)c2Cl)OC1O,rule0070_6,CC[C@@H]1C(=O)OC(=C(C)c2c[nH]c(Cl)c2Cl)C1=O.O>>CC[C@H]1C(=O)C(=C(CO)c2c[nH]c(Cl)c2Cl)OC1O,8.966224e-05,0,0.12805015,0,0.2197791,0,0.013162253,0
CCC(=C1OC(=O)CC1=O)c1c[nH]c(Cl)c1Cl.O,CC(O)C(=C1OC(O)CC1=O)c1c[nH]c(Cl)c1Cl,CCC(=C1OC(=O)CC1=O)c1c[nH]c(Cl)c1Cl.O >> CC(O)C(=C1OC(O)CC1=O)c1c[nH]c(Cl)c1Cl,rule0070_6,CCC(=C1OC(=O)CC1=O)c1c[nH]c(Cl)c1Cl.O>>CC(O)C(=C1OC(O)CC1=O)c1c[nH]c(Cl)c1Cl,0.003204155,0,0.0012126826,0,0.08219689,0,0.011159257,0
CC[C@@]1(C)C(=O)OC(=Cc2c[nH]c(Cl)c2Cl)C1=O.NC(=O)C1=CN([C@@H]2O[C@H](COP(=O)(O)OP(=O)(O)OC[C@H]3O[C@@H](n4cnc5c(N)ncnc54)[C@H](OP(=O)(O)O)[C@@H]3O)[C@@H](O)[C@H]2O)C=CC1.O=O,CC(O)[C@@]1(C)C(=O)OC(=Cc2c[nH]c(Cl)c2Cl)C1=O.NC(=O)c1ccc[n+]([C@@H]2O[C@H](COP(=O)(O)OP(=O)(O)OC[C@H]3O[C@@H](n4cnc5c(N)ncnc54)[C@H](OP(=O)(O)O)[C@@H]3O)[C@@H](O)[C@H]2O)c1.O,CC[C@@]1(C)C(=O)OC(=Cc2c[nH]c(Cl)c2Cl)C1=O.NC(=O)C1=CN([C@@H]2O[C@H](COP(=O)(O)OP(=O)(O)OC[C@H]3O[C@@H](n4cnc5c(N)ncnc54)[C@H](OP(=O)(O)O)[C@@H]3O)[C@@H](O)[C@H]2O)C=CC1.O=O >> CC(O)[C@@]1(C)C(=O)OC(=Cc2c[nH]c(Cl)c2Cl)C1=O.NC(=O)c1ccc[n+]([C@@H]2O[C@H](COP(=O)(O)OP(=O)(O)OC[C@H]3O[C@@H](n4cnc5c(N)ncnc54)[C@H](OP(=O)(O)O)[C@@H]3O)[C@@H](O)[C@H]2O)c1.O,rule0004_13,CC[C@@]1(C)C(=O)OC(=Cc2c[nH]c(Cl)c2Cl)C1=O.NC(=O)C1=CN([C@@H]2O[C@H](COP(=O)(O)OP(=O)(O)OC[C@H]3O[C@@H](n4cnc5c(N)ncnc54)[C@H](OP(=O)(O)O)[C@@H]3O)[C@@H](O)[C@H]2O)C=CC1.O=O>>CC(O)[C@@]1(C)C(=O)OC(=Cc2c[nH]c(Cl)c2Cl)C1=O.NC(=O)c1ccc[n+]([C@@H]2O[C@H](COP(=O)(O)OP(=O)(O)OC[C@H]3O[C@@H](n4cnc5c(N)ncnc54)[C@H](OP(=O)(O)O)[C@@H]3O)[C@@H](O)[C@H]2O)c1.O,0.031059701,0,0.74392533,1,0.065325245,0,0.09028926,0
CC[C@@H]1C(=O)OC(=Cc2c(C)[nH]c(Cl)c2Cl)C1=O,CCc1[nH]c(Cl)c(Cl)c1C=C1OC(=O)[C@@H](C)C1=O,CC[C@@H]1C(=O)OC(=Cc2c(C)[nH]c(Cl)c2Cl)C1=O >> CCc1[nH]c(Cl)c(Cl)c1C=C1OC(=O)[C@@H](C)C1=O,rule0028_51,CC[C@@H]1C(=O)OC(=Cc2c(C)[nH]c(Cl)c2Cl)C1=O>>CCc1[nH]c(Cl)c(Cl)c1C=C1OC(=O)[C@@H](C)C1=O,0.0009584607,0,0.027192898,0,0.07226912,0,0.079673365,0
CC[C@@H]1C(=O)OC(=Cc2c[nH]c(Cl)c2Cl)C1=O.C[S+](CC[C@H](N)C(=O)O)C[C@H]1O[C@@H](n2cnc3c(N)ncnc32)[C@H](O)[C@@H]1O,CC(C)[C@@H]1C(=O)OC(=Cc2c[nH]c(Cl)c2Cl)C1=O.Nc1ncnc2c1ncn2[C@@H]1O[C@H](CSCC[C@H](N)C(=O)O)[C@@H](O)[C@H]1O,CC[C@@H]1C(=O)OC(=Cc2c[nH]c(Cl)c2Cl)C1=O.C[S+](CC[C@H](N)C(=O)O)C[C@H]1O[C@@H](n2cnc3c(N)ncnc32)[C@H](O)[C@@H]1O >> CC(C)[C@@H]1C(=O)OC(=Cc2c[nH]c(Cl)c2Cl)C1=O.Nc1ncnc2c1ncn2[C@@H]1O[C@H](CSCC[C@H](N)C(=O)O)[C@@H](O)[C@H]1O,rule0043_12,CC[C@@H]1C(=O)OC(=Cc2c[nH]c(Cl)c2Cl)C1=O.C[S+](CC[C@H](N)C(=O)O)C[C@H]1O[C@@H](n2cnc3c(N)ncnc32)[C@H](O)[C@@H]1O>>CC(C)[C@@H]1C(=O)OC(=Cc2c[nH]c(Cl)c2Cl)C1=O.Nc1ncnc2c1ncn2[C@@H]1O[C@H](CSCC[C@H](N)C(=O)O)[C@@H](O)[C@H]1O,0.26072416,0,0.7787743,1,0.051323775,0,0.00043739547,0
CCc1[nH]c(Cl)c(Cl)c1C=C1OC(=O)CC1=O.O=C=O,CC(C(=O)O)c1[nH]c(Cl)c(Cl)c1C=C1OC(=O)CC1=O,CCc1[nH]c(Cl)c(Cl)c1C=C1OC(=O)CC1=O.O=C=O >> CC(C(=O)O)c1[nH]c(Cl)c(Cl)c1C=C1OC(=O)CC1=O,rule0023_20,CCc1[nH]c(Cl)c(Cl)c1C=C1OC(=O)CC1=O.O=C=O>>CC(C(=O)O)c1[nH]c(Cl)c(Cl)c1C=C1OC(=O)CC1=O,6.81508e-05,0,0.005606223,0,0.0019553115,0,0.0015500135,0
CC(C)[C@@H]1C(=O)OC(=Cc2c[nH]c(Cl)c2Cl)C1=O,CC[C@@H]1C(=O)OC(=Cc2c(C)[nH]c(Cl)c2Cl)C1=O,CC(C)[C@@H]1C(=O)OC(=Cc2c[nH]c(Cl)c2Cl)C1=O >> CC[C@@H]1C(=O)OC(=Cc2c(C)[nH]c(Cl)c2Cl)C1=O,rule0028_51,CC(C)[C@@H]1C(=O)OC(=Cc2c[nH]c(Cl)c2Cl)C1=O>>CC[C@@H]1C(=O)OC(=Cc2c(C)[nH]c(Cl)c2Cl)C1=O,0.0013019175,0,0.29490566,0,0.19450878,0,0.45042226,0
CC(O)[C@@H]1C(=O)OC(=Cc2c[nH]c(Cl)c2Cl)C1O.NC(=O)C1=CN([C@@H]2O[C@H](COP(=O)(O)OP(=O)(O)OC[C@H]3O[C@@H](n4cnc5c(N)ncnc54)[C@H](OP(=O)(O)O)[C@@H]3O)[C@@H](O)[C@H]2O)C=CC1.O=O,CC(O)(O)[C@@H]1C(=O)OC(=Cc2c[nH]c(Cl)c2Cl)C1O.NC(=O)c1ccc[n+]([C@@H]2O[C@H](COP(=O)(O)OP(=O)(O)OC[C@H]3O[C@@H](n4cnc5c(N)ncnc54)[C@H](OP(=O)(O)O)[C@@H]3O)[C@@H](O)[C@H]2O)c1.O,CC(O)[C@@H]1C(=O)OC(=Cc2c[nH]c(Cl)c2Cl)C1O.NC(=O)C1=CN([C@@H]2O[C@H](COP(=O)(O)OP(=O)(O)OC[C@H]3O[C@@H](n4cnc5c(N)ncnc54)[C@H](OP(=O)(O)O)[C@@H]3O)[C@@H](O)[C@H]2O)C=CC1.O=O >> CC(O)(O)[C@@H]1C(=O)OC(=Cc2c[nH]c(Cl)c2Cl)C1O.NC(=O)c1ccc[n+]([C@@H]2O[C@H](COP(=O)(O)OP(=O)(O)OC[C@H]3O[C@@H](n4cnc5c(N)ncnc54)[C@H](OP(=O)(O)O)[C@@H]3O)[C@@H](O)[C@H]2O)c1.O,rule0004_13,CC(O)[C@@H]1C(=O)OC(=Cc2c[nH]c(Cl)c2Cl)C1O.NC(=O)C1=CN([C@@H]2O[C@H](COP(=O)(O)OP(=O)(O)OC[C@H]3O[C@@H](n4cnc5c(N)ncnc54)[C@H](OP(=O)(O)O)[C@@H]3O)[C@@H](O)[C@H]2O)C=CC1.O=O>>CC(O)(O)[C@@H]1C(=O)OC(=Cc2c[nH]c(Cl)c2Cl)C1O.NC(=O)c1ccc[n+]([C@@H]2O[C@H](COP(=O)(O)OP(=O)(O)OC[C@H]3O[C@@H](n4cnc5c(N)ncnc54)[C@H](OP(=O)(O)O)[C@@H]3O)[C@@H](O)[C@H]2O)c1.O,0.029870924,0,0.4185058,0,0.35660595,0,0.043688335,0
CC[C@@H]1C(=O)OC(=Cc2c[nH]c(Cl)c2Cl)C1=O.O,CC[C@H](C(=O)O)C(=O)C(O)=Cc1c[nH]c(Cl)c1Cl,CC[C@@H]1C(=O)OC(=Cc2c[nH]c(Cl)c2Cl)C1=O.O >> CC[C@H](C(=O)O)C(=O)C(O)=Cc1c[nH]c(Cl)c1Cl,rule0035_7,CC[C@@H]1C(=O)OC(=Cc2c[nH]c(Cl)c2Cl)C1=O.O>>CC[C@H](C(=O)O)C(=O)C(O)=Cc1c[nH]c(Cl)c1Cl,0.4875599,0,0.9120096,1,0.6587223,1,0.8529151,1
CC(C(=O)O)[C@@H]1C(=O)OC(=Cc2c[nH]c(Cl)c2Cl)C1=O,CC1C(O)O[C@@]12C(=O)OC(=Cc1c[nH]c(Cl)c1Cl)C2=O,CC(C(=O)O)[C@@H]1C(=O)OC(=Cc2c[nH]c(Cl)c2Cl)C1=O >> CC1C(O)O[C@@]12C(=O)OC(=Cc1c[nH]c(Cl)c1Cl)C2=O,rule0169_1,CC(C(=O)O)[C@@H]1C(=O)OC(=Cc2c[nH]c(Cl)c2Cl)C1=O>>CC1C(O)O[C@@]12C(=O)OC(=Cc1c[nH]c(Cl)c1Cl)C2=O,0.00051010575,0,0.10532527,0,0.0579457,0,0.28487572,0
CC(O)[C@H]1C(=O)C(=Cc2c[nH]c(Cl)c2Cl)OC1O,Cc1[nH]c(Cl)c(Cl)c1C=C1OC(O)[C@@H](CO)C1=O,CC(O)[C@H]1C(=O)C(=Cc2c[nH]c(Cl)c2Cl)OC1O >> Cc1[nH]c(Cl)c(Cl)c1C=C1OC(O)[C@@H](CO)C1=O,rule0028_51,CC(O)[C@H]1C(=O)C(=Cc2c[nH]c(Cl)c2Cl)OC1O>>Cc1[nH]c(Cl)c(Cl)c1C=C1OC(O)[C@@H](CO)C1=O,0.014152035,0,0.88383937,1,0.23836295,0,0.12655762,0
CCC[C@@H]1C(=O)OC(=Cc2c[nH]c(Cl)c2Cl)C1=O.O,CCC[C@H](C(=O)O)C(=O)C(O)=Cc1c[nH]c(Cl)c1Cl,CCC[C@@H]1C(=O)OC(=Cc2c[nH]c(Cl)c2Cl)C1=O.O >> CCC[C@H](C(=O)O)C(=O)C(O)=Cc1c[nH]c(Cl)c1Cl,rule0035_7,CCC[C@@H]1C(=O)OC(=Cc2c[nH]c(Cl)c2Cl)C1=O.O>>CCC[C@H](C(=O)O)C(=O)C(O)=Cc1c[nH]c(Cl)c1Cl,0.26830304,0,0.5678726,1,0.27804825,0,0.5085325,0
CC(O)[C@H]1C(=O)C(=Cc2c[nH]c(Cl)c2Cl)OC1O.CC(O)[C@H]1C(=O)C(=Cc2c[nH]c(Cl)c2Cl)OC1O,CC(=C1OC(O)[C@@H](C(C)O)C1=O)c1c[nH]c(Cl)c1Cl.O=C1C(=Cc2c[nH]c(Cl)c2Cl)OC(O)[C@H]1CO,CC(O)[C@H]1C(=O)C(=Cc2c[nH]c(Cl)c2Cl)OC1O.CC(O)[C@H]1C(=O)C(=Cc2c[nH]c(Cl)c2Cl)OC1O >> CC(=C1OC(O)[C@@H](C(C)O)C1=O)c1c[nH]c(Cl)c1Cl.O=C1C(=Cc2c[nH]c(Cl)c2Cl)OC(O)[C@H]1CO,rule0126_2,CC(O)[C@H]1C(=O)C(=Cc2c[nH]c(Cl)c2Cl)OC1O.CC(O)[C@H]1C(=O)C(=Cc2c[nH]c(Cl)c2Cl)OC1O>>CC(=C1OC(O)[C@@H](C(C)O)C1=O)c1c[nH]c(Cl)c1Cl.O=C1C(=Cc2c[nH]c(Cl)c2Cl)OC(O)[C@H]1CO,0.23933184,0,0.048745487,0,0.005703646,0,0.7725157,1
